# 
param maxline=128 current=1 gradient=1 normB=1 normE=1
cylinder Z0=2800 nR=350 nZ=1 dR=2 dZ=1
data
0.0 2800.0 0 4.97174
2.0 2800.0 0.00138854 4.97177
4.0 2800.0 0.00277707 4.97179
6.0 2800.0 0.00416561 4.97181
8.0 2800.0 0.00555415 4.97184
10.0 2800.0 0.00694268 4.97186
12.0 2800.0 0.00833122 4.97188
14.0 2800.0 0.00971976 4.9719
16.0 2800.0 0.0111083 4.97193
18.0 2800.0 0.0124968 4.97195
20.0 2800.0 0.0138854 4.97197
22.0 2800.0 0.0152739 4.97199
24.0 2800.0 0.0166645 4.97206
26.0 2800.0 0.0180551 4.97213
28.0 2800.0 0.0194457 4.9722
30.0 2800.0 0.0208363 4.97226
32.0 2800.0 0.0222269 4.97233
34.0 2800.0 0.0236175 4.9724
36.0 2800.0 0.0250081 4.97247
38.0 2800.0 0.0263987 4.97253
40.0 2800.0 0.0277893 4.9726
42.0 2800.0 0.02918 4.97267
44.0 2800.0 0.0305706 4.97274
46.0 2800.0 0.0319652 4.97285
48.0 2800.0 0.0333599 4.97296
50.0 2800.0 0.0347547 4.97307
52.0 2800.0 0.0361495 4.97319
54.0 2800.0 0.0375442 4.9733
56.0 2800.0 0.038939 4.97341
58.0 2800.0 0.0403337 4.97353
60.0 2800.0 0.0417285 4.97364
62.0 2800.0 0.0431232 4.97375
64.0 2800.0 0.044518 4.97387
66.0 2800.0 0.0459128 4.97398
68.0 2800.0 0.0473135 4.97414
70.0 2800.0 0.0487144 4.9743
72.0 2800.0 0.0501154 4.97446
74.0 2800.0 0.0515164 4.97462
76.0 2800.0 0.0529174 4.97478
78.0 2800.0 0.0543184 4.97494
80.0 2800.0 0.0557194 4.9751
82.0 2800.0 0.0571203 4.97526
84.0 2800.0 0.0585213 4.97541
86.0 2800.0 0.0599223 4.97557
88.0 2800.0 0.0613233 4.97573
90.0 2800.0 0.0627321 4.97594
92.0 2800.0 0.0641414 4.97614
94.0 2800.0 0.0655507 4.97635
96.0 2800.0 0.06696 4.97656
98.0 2800.0 0.0683693 4.97676
100.0 2800.0 0.0697786 4.97697
102.0 2800.0 0.0711879 4.97718
104.0 2800.0 0.0725972 4.97739
106.0 2800.0 0.0740065 4.97759
108.0 2800.0 0.0754158 4.9778
110.0 2800.0 0.0768251 4.97801
112.0 2800.0 0.078244 4.97826
114.0 2800.0 0.0796637 4.97851
116.0 2800.0 0.0810834 4.97877
118.0 2800.0 0.0825032 4.97902
120.0 2800.0 0.0839229 4.97928
122.0 2800.0 0.0853426 4.97954
124.0 2800.0 0.0867623 4.97979
126.0 2800.0 0.088182 4.98005
128.0 2800.0 0.0896017 4.9803
130.0 2800.0 0.0910215 4.98056
132.0 2800.0 0.0924412 4.98081
134.0 2800.0 0.0938722 4.98111
136.0 2800.0 0.0953045 4.98142
138.0 2800.0 0.0967367 4.98173
140.0 2800.0 0.098169 4.98203
142.0 2800.0 0.0996012 4.98234
144.0 2800.0 0.101033 4.98264
146.0 2800.0 0.102466 4.98295
148.0 2800.0 0.103898 4.98325
150.0 2800.0 0.10533 4.98356
152.0 2800.0 0.106762 4.98387
154.0 2800.0 0.108195 4.98417
156.0 2800.0 0.10964 4.98452
158.0 2800.0 0.111087 4.98488
160.0 2800.0 0.112534 4.98524
162.0 2800.0 0.11398 4.9856
164.0 2800.0 0.115427 4.98596
166.0 2800.0 0.116874 4.98631
168.0 2800.0 0.118321 4.98667
170.0 2800.0 0.119768 4.98703
172.0 2800.0 0.121215 4.98739
174.0 2800.0 0.122662 4.98775
176.0 2800.0 0.124108 4.98811
178.0 2800.0 0.12557 4.98851
180.0 2800.0 0.127034 4.98892
182.0 2800.0 0.128497 4.98934
184.0 2800.0 0.129961 4.98975
186.0 2800.0 0.131424 4.99016
188.0 2800.0 0.132888 4.99058
190.0 2800.0 0.134352 4.99099
192.0 2800.0 0.135815 4.9914
194.0 2800.0 0.137279 4.99181
196.0 2800.0 0.138742 4.99223
198.0 2800.0 0.140206 4.99264
200.0 2800.0 0.141686 4.9931
202.0 2800.0 0.143168 4.99357
204.0 2800.0 0.144651 4.99405
206.0 2800.0 0.146133 4.99452
208.0 2800.0 0.147615 4.99499
210.0 2800.0 0.149098 4.99546
212.0 2800.0 0.15058 4.99593
214.0 2800.0 0.152063 4.9964
216.0 2800.0 0.153545 4.99687
218.0 2800.0 0.155027 4.99734
220.0 2800.0 0.15651 4.99781
222.0 2800.0 0.15801 4.99833
224.0 2800.0 0.159513 4.99887
226.0 2800.0 0.161016 4.9994
228.0 2800.0 0.16252 4.99993
230.0 2800.0 0.164023 5.00046
232.0 2800.0 0.165526 5.001
234.0 2800.0 0.167029 5.00153
236.0 2800.0 0.168533 5.00206
238.0 2800.0 0.170036 5.00259
240.0 2800.0 0.171539 5.00312
242.0 2800.0 0.173042 5.00366
244.0 2800.0 0.174565 5.00424
246.0 2800.0 0.176091 5.00484
248.0 2800.0 0.177617 5.00544
250.0 2800.0 0.179143 5.00603
252.0 2800.0 0.180669 5.00663
254.0 2800.0 0.182195 5.00723
256.0 2800.0 0.183721 5.00783
258.0 2800.0 0.185247 5.00842
260.0 2800.0 0.186773 5.00902
262.0 2800.0 0.188299 5.00962
264.0 2800.0 0.189826 5.01022
266.0 2800.0 0.191372 5.01087
268.0 2800.0 0.192923 5.01154
270.0 2800.0 0.194473 5.01221
272.0 2800.0 0.196024 5.01287
274.0 2800.0 0.197575 5.01354
276.0 2800.0 0.199126 5.01421
278.0 2800.0 0.200677 5.01488
280.0 2800.0 0.202227 5.01555
282.0 2800.0 0.203778 5.01621
284.0 2800.0 0.205329 5.01688
286.0 2800.0 0.20688 5.01755
288.0 2800.0 0.208452 5.01828
290.0 2800.0 0.210029 5.01902
292.0 2800.0 0.211606 5.01976
294.0 2800.0 0.213183 5.02051
296.0 2800.0 0.21476 5.02125
298.0 2800.0 0.216337 5.02199
300.0 2800.0 0.217915 5.02274
302.0 2800.0 0.219492 5.02348
304.0 2800.0 0.221069 5.02423
306.0 2800.0 0.222646 5.02497
308.0 2800.0 0.224223 5.02571
310.0 2800.0 0.225822 5.02652
312.0 2800.0 0.227427 5.02735
314.0 2800.0 0.229032 5.02817
316.0 2800.0 0.230637 5.029
318.0 2800.0 0.232242 5.02982
320.0 2800.0 0.233847 5.03065
322.0 2800.0 0.235452 5.03148
324.0 2800.0 0.237057 5.0323
326.0 2800.0 0.238662 5.03313
328.0 2800.0 0.240267 5.03395
330.0 2800.0 0.241872 5.03478
332.0 2800.0 0.243499 5.03567
334.0 2800.0 0.245133 5.03659
336.0 2800.0 0.246767 5.03751
338.0 2800.0 0.248401 5.03842
340.0 2800.0 0.250034 5.03934
342.0 2800.0 0.251668 5.04025
344.0 2800.0 0.253302 5.04117
346.0 2800.0 0.254936 5.04208
348.0 2800.0 0.25657 5.043
350.0 2800.0 0.258203 5.04392
352.0 2800.0 0.259837 5.04483
354.0 2800.0 0.261493 5.04582
356.0 2800.0 0.263156 5.04684
358.0 2800.0 0.264819 5.04785
360.0 2800.0 0.266482 5.04887
362.0 2800.0 0.268146 5.04988
364.0 2800.0 0.269809 5.05089
366.0 2800.0 0.271472 5.05191
368.0 2800.0 0.273135 5.05292
370.0 2800.0 0.274798 5.05394
372.0 2800.0 0.276461 5.05495
374.0 2800.0 0.278124 5.05597
376.0 2800.0 0.279809 5.05706
378.0 2800.0 0.281501 5.05818
380.0 2800.0 0.283193 5.05931
382.0 2800.0 0.284885 5.06043
384.0 2800.0 0.286578 5.06155
386.0 2800.0 0.28827 5.06268
388.0 2800.0 0.289962 5.0638
390.0 2800.0 0.291654 5.06492
392.0 2800.0 0.293346 5.06605
394.0 2800.0 0.295038 5.06717
396.0 2800.0 0.29673 5.06829
398.0 2800.0 0.298442 5.0695
400.0 2800.0 0.300162 5.07075
402.0 2800.0 0.301882 5.07199
404.0 2800.0 0.303602 5.07324
406.0 2800.0 0.305322 5.07448
408.0 2800.0 0.307041 5.07572
410.0 2800.0 0.308761 5.07697
412.0 2800.0 0.310481 5.07821
414.0 2800.0 0.312201 5.07945
416.0 2800.0 0.31392 5.0807
418.0 2800.0 0.31564 5.08194
420.0 2800.0 0.317377 5.08328
422.0 2800.0 0.319122 5.08466
424.0 2800.0 0.320866 5.08604
426.0 2800.0 0.322611 5.08741
428.0 2800.0 0.324355 5.08879
430.0 2800.0 0.3261 5.09017
432.0 2800.0 0.327844 5.09155
434.0 2800.0 0.329589 5.09292
436.0 2800.0 0.331333 5.0943
438.0 2800.0 0.333078 5.09568
440.0 2800.0 0.334822 5.09706
442.0 2800.0 0.33658 5.09854
444.0 2800.0 0.338344 5.10006
446.0 2800.0 0.340108 5.10159
448.0 2800.0 0.341873 5.10312
450.0 2800.0 0.343637 5.10464
452.0 2800.0 0.345401 5.10617
454.0 2800.0 0.347165 5.1077
456.0 2800.0 0.348929 5.10922
458.0 2800.0 0.350693 5.11075
460.0 2800.0 0.352458 5.11228
462.0 2800.0 0.354222 5.1138
464.0 2800.0 0.355994 5.11544
466.0 2800.0 0.35777 5.11714
468.0 2800.0 0.359546 5.11883
470.0 2800.0 0.361322 5.12052
472.0 2800.0 0.363098 5.12221
474.0 2800.0 0.364874 5.12391
476.0 2800.0 0.36665 5.1256
478.0 2800.0 0.368426 5.12729
480.0 2800.0 0.370202 5.12898
482.0 2800.0 0.371978 5.13068
484.0 2800.0 0.373754 5.13237
486.0 2800.0 0.375531 5.13418
488.0 2800.0 0.377307 5.13606
490.0 2800.0 0.379083 5.13794
492.0 2800.0 0.38086 5.13981
494.0 2800.0 0.382636 5.14169
496.0 2800.0 0.384413 5.14357
498.0 2800.0 0.386189 5.14544
500.0 2800.0 0.387965 5.14732
502.0 2800.0 0.389742 5.1492
504.0 2800.0 0.391518 5.15108
506.0 2800.0 0.393295 5.15295
508.0 2800.0 0.395061 5.15496
510.0 2800.0 0.396821 5.15704
512.0 2800.0 0.398581 5.15912
514.0 2800.0 0.400342 5.1612
516.0 2800.0 0.402102 5.16328
518.0 2800.0 0.403862 5.16537
520.0 2800.0 0.405623 5.16745
522.0 2800.0 0.407383 5.16953
524.0 2800.0 0.409143 5.17161
526.0 2800.0 0.410903 5.17369
528.0 2800.0 0.412664 5.17577
530.0 2800.0 0.4144 5.17799
532.0 2800.0 0.416122 5.1803
534.0 2800.0 0.417843 5.1826
536.0 2800.0 0.419565 5.18491
538.0 2800.0 0.421286 5.18721
540.0 2800.0 0.423008 5.18952
542.0 2800.0 0.42473 5.19182
544.0 2800.0 0.426451 5.19413
546.0 2800.0 0.428173 5.19643
548.0 2800.0 0.429894 5.19874
550.0 2800.0 0.431616 5.20104
552.0 2800.0 0.433296 5.2035
554.0 2800.0 0.434949 5.20604
556.0 2800.0 0.436601 5.20859
558.0 2800.0 0.438254 5.21114
560.0 2800.0 0.439907 5.21369
562.0 2800.0 0.44156 5.21623
564.0 2800.0 0.443213 5.21878
566.0 2800.0 0.444865 5.22133
568.0 2800.0 0.446518 5.22387
570.0 2800.0 0.448171 5.22642
572.0 2800.0 0.449824 5.22897
574.0 2800.0 0.451413 5.23167
576.0 2800.0 0.452958 5.23447
578.0 2800.0 0.454504 5.23728
580.0 2800.0 0.456049 5.24008
582.0 2800.0 0.457594 5.24288
584.0 2800.0 0.45914 5.24569
586.0 2800.0 0.460685 5.24849
588.0 2800.0 0.46223 5.25129
590.0 2800.0 0.463776 5.2541
592.0 2800.0 0.465321 5.2569
594.0 2800.0 0.466866 5.2597
596.0 2800.0 0.468322 5.26266
598.0 2800.0 0.469712 5.26572
600.0 2800.0 0.471103 5.26879
602.0 2800.0 0.472493 5.27185
604.0 2800.0 0.473884 5.27492
606.0 2800.0 0.475274 5.27799
608.0 2800.0 0.476665 5.28105
610.0 2800.0 0.478055 5.28412
612.0 2800.0 0.479445 5.28718
614.0 2800.0 0.480836 5.29025
616.0 2800.0 0.482226 5.29331
618.0 2800.0 0.483498 5.29652
620.0 2800.0 0.484679 5.29985
622.0 2800.0 0.485859 5.30317
624.0 2800.0 0.48704 5.30649
626.0 2800.0 0.48822 5.30981
628.0 2800.0 0.489401 5.31313
630.0 2800.0 0.490581 5.31645
632.0 2800.0 0.491762 5.31978
634.0 2800.0 0.492942 5.3231
636.0 2800.0 0.494123 5.32642
638.0 2800.0 0.495303 5.32974
640.0 2800.0 0.496337 5.33319
642.0 2800.0 0.497248 5.33674
644.0 2800.0 0.49816 5.3403
646.0 2800.0 0.499072 5.34385
648.0 2800.0 0.499984 5.3474
650.0 2800.0 0.500896 5.35096
652.0 2800.0 0.501808 5.35451
654.0 2800.0 0.502719 5.35806
656.0 2800.0 0.503631 5.36162
658.0 2800.0 0.504543 5.36517
660.0 2800.0 0.505455 5.36872
662.0 2800.0 0.506194 5.37238
664.0 2800.0 0.506782 5.37612
666.0 2800.0 0.507369 5.37986
668.0 2800.0 0.507956 5.3836
670.0 2800.0 0.508543 5.38734
672.0 2800.0 0.509131 5.39108
674.0 2800.0 0.509718 5.39482
676.0 2800.0 0.510305 5.39856
678.0 2800.0 0.510893 5.4023
680.0 2800.0 0.51148 5.40604
682.0 2800.0 0.512067 5.40978
684.0 2800.0 0.512464 5.38456
686.0 2800.0 0.512683 5.33214
688.0 2800.0 0.512902 5.27971
690.0 2800.0 0.51312 5.22729
692.0 2800.0 0.513339 5.17487
694.0 2800.0 0.513557 5.12244
696.0 2800.0 0.513776 5.07002
698.0 2800.0 0.513994 5.01759
