# 
param maxline=128 current=1 gradient=1 normB=1 normE=1
cylinder Z0=4800 nR=350 nZ=1 dR=2 dZ=1
data
0.0 4800.0 0 2.38984
2.0 4800.0 0.00235963 2.38987
4.0 4800.0 0.00471925 2.38989
6.0 4800.0 0.00707888 2.38992
8.0 4800.0 0.0094385 2.38994
10.0 4800.0 0.0117981 2.38997
12.0 4800.0 0.0141578 2.39
14.0 4800.0 0.0165174 2.39002
16.0 4800.0 0.018877 2.39005
18.0 4800.0 0.0212366 2.39007
20.0 4800.0 0.0235963 2.3901
22.0 4800.0 0.0259559 2.39012
24.0 4800.0 0.0283183 2.3902
26.0 4800.0 0.0306807 2.39028
28.0 4800.0 0.0330431 2.39036
30.0 4800.0 0.0354055 2.39043
32.0 4800.0 0.0377679 2.39051
34.0 4800.0 0.0401303 2.39059
36.0 4800.0 0.0424927 2.39067
38.0 4800.0 0.0448552 2.39074
40.0 4800.0 0.0472176 2.39082
42.0 4800.0 0.04958 2.3909
44.0 4800.0 0.0519424 2.39097
46.0 4800.0 0.0543102 2.3911
48.0 4800.0 0.0566782 2.39123
50.0 4800.0 0.0590462 2.39136
52.0 4800.0 0.0614142 2.39149
54.0 4800.0 0.0637822 2.39162
56.0 4800.0 0.0661502 2.39175
58.0 4800.0 0.0685182 2.39188
60.0 4800.0 0.0708862 2.39201
62.0 4800.0 0.0732542 2.39214
64.0 4800.0 0.0756222 2.39227
66.0 4800.0 0.0779902 2.3924
68.0 4800.0 0.0803662 2.39258
70.0 4800.0 0.0827426 2.39276
72.0 4800.0 0.085119 2.39295
74.0 4800.0 0.0874954 2.39313
76.0 4800.0 0.0898718 2.39331
78.0 4800.0 0.0922482 2.3935
80.0 4800.0 0.0946246 2.39368
82.0 4800.0 0.097001 2.39386
84.0 4800.0 0.0993774 2.39405
86.0 4800.0 0.101754 2.39423
88.0 4800.0 0.10413 2.39441
90.0 4800.0 0.106517 2.39465
92.0 4800.0 0.108905 2.39489
94.0 4800.0 0.111292 2.39512
96.0 4800.0 0.11368 2.39536
98.0 4800.0 0.116067 2.3956
100.0 4800.0 0.118455 2.39584
102.0 4800.0 0.120843 2.39608
104.0 4800.0 0.12323 2.39632
106.0 4800.0 0.125618 2.39655
108.0 4800.0 0.128005 2.39679
110.0 4800.0 0.130393 2.39703
112.0 4800.0 0.132794 2.39732
114.0 4800.0 0.135195 2.39762
116.0 4800.0 0.137597 2.39791
118.0 4800.0 0.139999 2.39821
120.0 4800.0 0.1424 2.3985
122.0 4800.0 0.144802 2.3988
124.0 4800.0 0.147204 2.39909
126.0 4800.0 0.149605 2.39939
128.0 4800.0 0.152007 2.39968
130.0 4800.0 0.154408 2.39998
132.0 4800.0 0.15681 2.40028
134.0 4800.0 0.159227 2.40062
136.0 4800.0 0.161646 2.40098
138.0 4800.0 0.164064 2.40134
140.0 4800.0 0.166483 2.40169
142.0 4800.0 0.168901 2.40205
144.0 4800.0 0.17132 2.4024
146.0 4800.0 0.173738 2.40276
148.0 4800.0 0.176157 2.40311
150.0 4800.0 0.178575 2.40347
152.0 4800.0 0.180994 2.40382
154.0 4800.0 0.183412 2.40418
156.0 4800.0 0.185849 2.40459
158.0 4800.0 0.188287 2.40501
160.0 4800.0 0.190725 2.40542
162.0 4800.0 0.193163 2.40584
164.0 4800.0 0.195602 2.40626
166.0 4800.0 0.19804 2.40668
168.0 4800.0 0.200478 2.4071
170.0 4800.0 0.202917 2.40752
172.0 4800.0 0.205355 2.40793
174.0 4800.0 0.207793 2.40835
176.0 4800.0 0.210231 2.40877
178.0 4800.0 0.21269 2.40925
180.0 4800.0 0.21515 2.40973
182.0 4800.0 0.217611 2.41022
184.0 4800.0 0.220072 2.4107
186.0 4800.0 0.222533 2.41119
188.0 4800.0 0.224994 2.41167
190.0 4800.0 0.227455 2.41216
192.0 4800.0 0.229916 2.41264
194.0 4800.0 0.232377 2.41313
196.0 4800.0 0.234838 2.41361
198.0 4800.0 0.237298 2.4141
200.0 4800.0 0.239781 2.41464
202.0 4800.0 0.242268 2.4152
204.0 4800.0 0.244754 2.41576
206.0 4800.0 0.24724 2.41631
208.0 4800.0 0.249727 2.41687
210.0 4800.0 0.252213 2.41743
212.0 4800.0 0.254699 2.41798
214.0 4800.0 0.257186 2.41854
216.0 4800.0 0.259672 2.4191
218.0 4800.0 0.262158 2.41965
220.0 4800.0 0.264645 2.42021
222.0 4800.0 0.267155 2.42083
224.0 4800.0 0.269669 2.42147
226.0 4800.0 0.272184 2.4221
228.0 4800.0 0.274698 2.42273
230.0 4800.0 0.277213 2.42337
232.0 4800.0 0.279727 2.424
234.0 4800.0 0.282242 2.42463
236.0 4800.0 0.284756 2.42527
238.0 4800.0 0.287271 2.4259
240.0 4800.0 0.289786 2.42654
242.0 4800.0 0.2923 2.42717
244.0 4800.0 0.29484 2.42787
246.0 4800.0 0.297386 2.42859
248.0 4800.0 0.299931 2.42931
250.0 4800.0 0.302477 2.43002
252.0 4800.0 0.305022 2.43074
254.0 4800.0 0.307567 2.43146
256.0 4800.0 0.310113 2.43217
258.0 4800.0 0.312658 2.43289
260.0 4800.0 0.315204 2.43361
262.0 4800.0 0.317749 2.43432
264.0 4800.0 0.320295 2.43504
266.0 4800.0 0.322867 2.43583
268.0 4800.0 0.325446 2.43664
270.0 4800.0 0.328025 2.43745
272.0 4800.0 0.330604 2.43826
274.0 4800.0 0.333183 2.43906
276.0 4800.0 0.335761 2.43987
278.0 4800.0 0.33834 2.44068
280.0 4800.0 0.340919 2.44149
282.0 4800.0 0.343498 2.44229
284.0 4800.0 0.346077 2.4431
286.0 4800.0 0.348656 2.44391
288.0 4800.0 0.351263 2.4448
290.0 4800.0 0.353877 2.44571
292.0 4800.0 0.356492 2.44661
294.0 4800.0 0.359106 2.44752
296.0 4800.0 0.361721 2.44843
298.0 4800.0 0.364336 2.44933
300.0 4800.0 0.36695 2.45024
302.0 4800.0 0.369565 2.45115
304.0 4800.0 0.372179 2.45206
306.0 4800.0 0.374794 2.45296
308.0 4800.0 0.377408 2.45387
310.0 4800.0 0.380052 2.45486
312.0 4800.0 0.382704 2.45588
314.0 4800.0 0.385356 2.4569
316.0 4800.0 0.388008 2.45791
318.0 4800.0 0.39066 2.45893
320.0 4800.0 0.393312 2.45995
322.0 4800.0 0.395964 2.46096
324.0 4800.0 0.398616 2.46198
326.0 4800.0 0.401268 2.463
328.0 4800.0 0.403921 2.46402
330.0 4800.0 0.406573 2.46503
332.0 4800.0 0.409254 2.46614
334.0 4800.0 0.411945 2.46728
336.0 4800.0 0.414636 2.46842
338.0 4800.0 0.417327 2.46956
340.0 4800.0 0.420018 2.47069
342.0 4800.0 0.422709 2.47183
344.0 4800.0 0.4254 2.47297
346.0 4800.0 0.428091 2.47411
348.0 4800.0 0.430782 2.47525
350.0 4800.0 0.433473 2.47638
352.0 4800.0 0.436163 2.47752
354.0 4800.0 0.438884 2.47876
356.0 4800.0 0.441614 2.48003
358.0 4800.0 0.444344 2.48131
360.0 4800.0 0.447075 2.48258
362.0 4800.0 0.449805 2.48385
364.0 4800.0 0.452535 2.48512
366.0 4800.0 0.455265 2.4864
368.0 4800.0 0.457995 2.48767
370.0 4800.0 0.460726 2.48894
372.0 4800.0 0.463456 2.49021
374.0 4800.0 0.466186 2.49149
376.0 4800.0 0.468945 2.49287
378.0 4800.0 0.471714 2.49429
380.0 4800.0 0.474482 2.49572
382.0 4800.0 0.477251 2.49714
384.0 4800.0 0.48002 2.49856
386.0 4800.0 0.482789 2.49998
388.0 4800.0 0.485558 2.50141
390.0 4800.0 0.488327 2.50283
392.0 4800.0 0.491096 2.50425
394.0 4800.0 0.493865 2.50568
396.0 4800.0 0.496633 2.5071
398.0 4800.0 0.499428 2.50864
400.0 4800.0 0.502234 2.51023
402.0 4800.0 0.505039 2.51182
404.0 4800.0 0.507844 2.51342
406.0 4800.0 0.510649 2.51501
408.0 4800.0 0.513454 2.5166
410.0 4800.0 0.516259 2.51819
412.0 4800.0 0.519065 2.51978
414.0 4800.0 0.52187 2.52137
416.0 4800.0 0.524675 2.52296
418.0 4800.0 0.52748 2.52455
420.0 4800.0 0.530308 2.52627
422.0 4800.0 0.533145 2.52805
424.0 4800.0 0.535981 2.52983
426.0 4800.0 0.538818 2.53161
428.0 4800.0 0.541655 2.53339
430.0 4800.0 0.544492 2.53517
432.0 4800.0 0.547329 2.53695
434.0 4800.0 0.550166 2.53873
436.0 4800.0 0.553003 2.54051
438.0 4800.0 0.55584 2.54229
440.0 4800.0 0.558677 2.54407
442.0 4800.0 0.56153 2.54599
444.0 4800.0 0.564391 2.54798
446.0 4800.0 0.567252 2.54997
448.0 4800.0 0.570113 2.55196
450.0 4800.0 0.572974 2.55395
452.0 4800.0 0.575835 2.55595
454.0 4800.0 0.578696 2.55794
456.0 4800.0 0.581557 2.55993
458.0 4800.0 0.584418 2.56192
460.0 4800.0 0.587279 2.56391
462.0 4800.0 0.59014 2.5659
464.0 4800.0 0.593009 2.56805
466.0 4800.0 0.595882 2.57028
468.0 4800.0 0.598755 2.5725
470.0 4800.0 0.601628 2.57473
472.0 4800.0 0.604501 2.57696
474.0 4800.0 0.607374 2.57919
476.0 4800.0 0.610247 2.58142
478.0 4800.0 0.61312 2.58364
480.0 4800.0 0.615993 2.58587
482.0 4800.0 0.618866 2.5881
484.0 4800.0 0.62174 2.59033
486.0 4800.0 0.624609 2.59273
488.0 4800.0 0.627477 2.59522
490.0 4800.0 0.630345 2.59772
492.0 4800.0 0.633212 2.60021
494.0 4800.0 0.63608 2.6027
496.0 4800.0 0.638948 2.60519
498.0 4800.0 0.641816 2.60769
500.0 4800.0 0.644683 2.61018
502.0 4800.0 0.647551 2.61267
504.0 4800.0 0.650419 2.61517
506.0 4800.0 0.653287 2.61766
508.0 4800.0 0.656135 2.62034
510.0 4800.0 0.658973 2.62313
512.0 4800.0 0.661811 2.62592
514.0 4800.0 0.664648 2.62871
516.0 4800.0 0.667486 2.6315
518.0 4800.0 0.670323 2.63428
520.0 4800.0 0.673161 2.63707
522.0 4800.0 0.675999 2.63986
524.0 4800.0 0.678836 2.64265
526.0 4800.0 0.681674 2.64544
528.0 4800.0 0.684512 2.64823
530.0 4800.0 0.687309 2.65122
532.0 4800.0 0.690083 2.65433
534.0 4800.0 0.692856 2.65744
536.0 4800.0 0.69563 2.66056
538.0 4800.0 0.698404 2.66367
540.0 4800.0 0.701177 2.66678
542.0 4800.0 0.703951 2.6699
544.0 4800.0 0.706724 2.67301
546.0 4800.0 0.709498 2.67612
548.0 4800.0 0.712271 2.67924
550.0 4800.0 0.715045 2.68235
552.0 4800.0 0.717752 2.68568
554.0 4800.0 0.720416 2.68915
556.0 4800.0 0.72308 2.69261
558.0 4800.0 0.725744 2.69608
560.0 4800.0 0.728408 2.69955
562.0 4800.0 0.731073 2.70301
564.0 4800.0 0.733737 2.70648
566.0 4800.0 0.736401 2.70994
568.0 4800.0 0.739065 2.71341
570.0 4800.0 0.741729 2.71688
572.0 4800.0 0.744394 2.72034
574.0 4800.0 0.746958 2.72403
576.0 4800.0 0.749455 2.72787
578.0 4800.0 0.751952 2.73171
580.0 4800.0 0.754449 2.73555
582.0 4800.0 0.756945 2.73939
584.0 4800.0 0.759442 2.74324
586.0 4800.0 0.761939 2.74708
588.0 4800.0 0.764436 2.75092
590.0 4800.0 0.766933 2.75476
592.0 4800.0 0.769429 2.7586
594.0 4800.0 0.771926 2.76244
596.0 4800.0 0.774285 2.7665
598.0 4800.0 0.776543 2.77073
600.0 4800.0 0.778801 2.77495
602.0 4800.0 0.781059 2.77918
604.0 4800.0 0.783318 2.7834
606.0 4800.0 0.785576 2.78762
608.0 4800.0 0.787834 2.79185
610.0 4800.0 0.790092 2.79607
612.0 4800.0 0.79235 2.8003
614.0 4800.0 0.794608 2.80452
616.0 4800.0 0.796866 2.80875
618.0 4800.0 0.798944 2.81318
620.0 4800.0 0.800881 2.81778
622.0 4800.0 0.802818 2.82238
624.0 4800.0 0.804755 2.82698
626.0 4800.0 0.806692 2.83158
628.0 4800.0 0.80863 2.83618
630.0 4800.0 0.810567 2.84078
632.0 4800.0 0.812504 2.84538
634.0 4800.0 0.814441 2.84998
636.0 4800.0 0.816378 2.85458
638.0 4800.0 0.818315 2.85918
640.0 4800.0 0.820028 2.86396
642.0 4800.0 0.821557 2.8689
644.0 4800.0 0.823085 2.87384
646.0 4800.0 0.824613 2.87878
648.0 4800.0 0.826141 2.88371
650.0 4800.0 0.827669 2.88865
652.0 4800.0 0.829197 2.89359
654.0 4800.0 0.830725 2.89853
656.0 4800.0 0.832253 2.90347
658.0 4800.0 0.833781 2.90841
660.0 4800.0 0.835309 2.91335
662.0 4800.0 0.836575 2.91843
664.0 4800.0 0.837611 2.92364
666.0 4800.0 0.838646 2.92885
668.0 4800.0 0.839681 2.93406
670.0 4800.0 0.840717 2.93927
672.0 4800.0 0.841752 2.94448
674.0 4800.0 0.842787 2.94969
676.0 4800.0 0.843822 2.95491
678.0 4800.0 0.844858 2.96012
680.0 4800.0 0.845893 2.96533
682.0 4800.0 0.846928 2.97054
684.0 4800.0 0.847675 2.95843
686.0 4800.0 0.848152 2.93004
688.0 4800.0 0.848628 2.90165
690.0 4800.0 0.849104 2.87326
692.0 4800.0 0.849581 2.84488
694.0 4800.0 0.850057 2.81649
696.0 4800.0 0.850533 2.7881
698.0 4800.0 0.85101 2.75972
