# 
param maxline=128 current=1 gradient=1 normB=1 normE=1
cylinder Z0=1200 nR=350 nZ=1 dR=2 dZ=1
data
0.0 1200.0 0 3.80179
2.0 1200.0 -0.00372531 3.80184
4.0 1200.0 -0.00745061 3.80188
6.0 1200.0 -0.0111759 3.80193
8.0 1200.0 -0.0149012 3.80197
10.0 1200.0 -0.0186265 3.80202
12.0 1200.0 -0.0223518 3.80207
14.0 1200.0 -0.0260772 3.80211
16.0 1200.0 -0.0298025 3.80216
18.0 1200.0 -0.0335278 3.80221
20.0 1200.0 -0.0372531 3.80225
22.0 1200.0 -0.0409784 3.8023
24.0 1200.0 -0.0447085 3.80244
26.0 1200.0 -0.0484387 3.80258
28.0 1200.0 -0.0521688 3.80272
30.0 1200.0 -0.055899 3.80286
32.0 1200.0 -0.0596292 3.803
34.0 1200.0 -0.0633594 3.80313
36.0 1200.0 -0.0670896 3.80327
38.0 1200.0 -0.0708197 3.80341
40.0 1200.0 -0.0745499 3.80355
42.0 1200.0 -0.0782801 3.80369
44.0 1200.0 -0.0820103 3.80383
46.0 1200.0 -0.0857499 3.80406
48.0 1200.0 -0.0894898 3.8043
50.0 1200.0 -0.0932298 3.80453
52.0 1200.0 -0.0969697 3.80476
54.0 1200.0 -0.10071 3.805
56.0 1200.0 -0.10445 3.80523
58.0 1200.0 -0.10819 3.80546
60.0 1200.0 -0.111929 3.8057
62.0 1200.0 -0.115669 3.80593
64.0 1200.0 -0.119409 3.80617
66.0 1200.0 -0.123149 3.8064
68.0 1200.0 -0.126903 3.80672
70.0 1200.0 -0.130658 3.80705
72.0 1200.0 -0.134412 3.80738
74.0 1200.0 -0.138167 3.80771
76.0 1200.0 -0.141921 3.80804
78.0 1200.0 -0.145676 3.80837
80.0 1200.0 -0.149431 3.8087
82.0 1200.0 -0.153185 3.80903
84.0 1200.0 -0.15694 3.80936
86.0 1200.0 -0.160694 3.80969
88.0 1200.0 -0.164449 3.81002
90.0 1200.0 -0.168222 3.81044
92.0 1200.0 -0.171996 3.81087
94.0 1200.0 -0.17577 3.8113
96.0 1200.0 -0.179544 3.81173
98.0 1200.0 -0.183319 3.81216
100.0 1200.0 -0.187093 3.81258
102.0 1200.0 -0.190867 3.81301
104.0 1200.0 -0.194641 3.81344
106.0 1200.0 -0.198415 3.81387
108.0 1200.0 -0.202189 3.8143
110.0 1200.0 -0.205963 3.81473
112.0 1200.0 -0.20976 3.81525
114.0 1200.0 -0.213559 3.81578
116.0 1200.0 -0.217358 3.81631
118.0 1200.0 -0.221156 3.81684
120.0 1200.0 -0.224955 3.81737
122.0 1200.0 -0.228754 3.8179
124.0 1200.0 -0.232552 3.81843
126.0 1200.0 -0.236351 3.81896
128.0 1200.0 -0.24015 3.81949
130.0 1200.0 -0.243948 3.82002
132.0 1200.0 -0.247747 3.82055
134.0 1200.0 -0.251572 3.82118
136.0 1200.0 -0.2554 3.82182
138.0 1200.0 -0.259229 3.82245
140.0 1200.0 -0.263057 3.82309
142.0 1200.0 -0.266885 3.82373
144.0 1200.0 -0.270713 3.82436
146.0 1200.0 -0.274541 3.825
148.0 1200.0 -0.278369 3.82564
150.0 1200.0 -0.282197 3.82627
152.0 1200.0 -0.286026 3.82691
154.0 1200.0 -0.289854 3.82755
156.0 1200.0 -0.293712 3.82828
158.0 1200.0 -0.297575 3.82903
160.0 1200.0 -0.301438 3.82978
162.0 1200.0 -0.3053 3.83053
164.0 1200.0 -0.309163 3.83128
166.0 1200.0 -0.313025 3.83203
168.0 1200.0 -0.316888 3.83278
170.0 1200.0 -0.320751 3.83352
172.0 1200.0 -0.324613 3.83427
174.0 1200.0 -0.328476 3.83502
176.0 1200.0 -0.332338 3.83577
178.0 1200.0 -0.336235 3.83662
180.0 1200.0 -0.340137 3.83749
182.0 1200.0 -0.344039 3.83836
184.0 1200.0 -0.347941 3.83922
186.0 1200.0 -0.351844 3.84009
188.0 1200.0 -0.355745 3.84096
190.0 1200.0 -0.359648 3.84182
192.0 1200.0 -0.36355 3.84269
194.0 1200.0 -0.367452 3.84356
196.0 1200.0 -0.371354 3.84442
198.0 1200.0 -0.375256 3.84529
200.0 1200.0 -0.379196 3.84627
202.0 1200.0 -0.383142 3.84726
204.0 1200.0 -0.387088 3.84825
206.0 1200.0 -0.391035 3.84924
208.0 1200.0 -0.394981 3.85024
210.0 1200.0 -0.398927 3.85123
212.0 1200.0 -0.402874 3.85222
214.0 1200.0 -0.40682 3.85321
216.0 1200.0 -0.410766 3.85421
218.0 1200.0 -0.414713 3.8552
220.0 1200.0 -0.418659 3.85619
222.0 1200.0 -0.422647 3.8573
224.0 1200.0 -0.426643 3.85842
226.0 1200.0 -0.430638 3.85955
228.0 1200.0 -0.434634 3.86068
230.0 1200.0 -0.438629 3.86181
232.0 1200.0 -0.442625 3.86293
234.0 1200.0 -0.44662 3.86406
236.0 1200.0 -0.450616 3.86519
238.0 1200.0 -0.454611 3.86631
240.0 1200.0 -0.458607 3.86744
242.0 1200.0 -0.462602 3.86857
244.0 1200.0 -0.466643 3.86982
246.0 1200.0 -0.470692 3.87109
248.0 1200.0 -0.474741 3.87236
250.0 1200.0 -0.478791 3.87364
252.0 1200.0 -0.48284 3.87491
254.0 1200.0 -0.486889 3.87618
256.0 1200.0 -0.490939 3.87745
258.0 1200.0 -0.494988 3.87873
260.0 1200.0 -0.499038 3.88
262.0 1200.0 -0.503087 3.88127
264.0 1200.0 -0.507136 3.88254
266.0 1200.0 -0.511233 3.88394
268.0 1200.0 -0.515341 3.88537
270.0 1200.0 -0.519448 3.8868
272.0 1200.0 -0.523556 3.88823
274.0 1200.0 -0.527663 3.88966
276.0 1200.0 -0.531771 3.89109
278.0 1200.0 -0.535879 3.89253
280.0 1200.0 -0.539986 3.89396
282.0 1200.0 -0.544094 3.89539
284.0 1200.0 -0.548202 3.89682
286.0 1200.0 -0.552309 3.89825
288.0 1200.0 -0.556466 3.89981
290.0 1200.0 -0.560636 3.90142
292.0 1200.0 -0.564806 3.90302
294.0 1200.0 -0.568976 3.90462
296.0 1200.0 -0.573146 3.90622
298.0 1200.0 -0.577315 3.90782
300.0 1200.0 -0.581485 3.90943
302.0 1200.0 -0.585655 3.91103
304.0 1200.0 -0.589825 3.91263
306.0 1200.0 -0.593995 3.91423
308.0 1200.0 -0.598165 3.91583
310.0 1200.0 -0.602385 3.91758
312.0 1200.0 -0.606621 3.91937
314.0 1200.0 -0.610856 3.92116
316.0 1200.0 -0.615091 3.92296
318.0 1200.0 -0.619327 3.92475
320.0 1200.0 -0.623562 3.92654
322.0 1200.0 -0.627797 3.92833
324.0 1200.0 -0.632033 3.93012
326.0 1200.0 -0.636268 3.93191
328.0 1200.0 -0.640503 3.9337
330.0 1200.0 -0.644739 3.93549
332.0 1200.0 -0.649026 3.93744
334.0 1200.0 -0.653329 3.93944
336.0 1200.0 -0.657632 3.94144
338.0 1200.0 -0.661936 3.94343
340.0 1200.0 -0.666239 3.94543
342.0 1200.0 -0.670542 3.94743
344.0 1200.0 -0.674845 3.94943
346.0 1200.0 -0.679148 3.95143
348.0 1200.0 -0.683451 3.95343
350.0 1200.0 -0.687755 3.95543
352.0 1200.0 -0.692058 3.95742
354.0 1200.0 -0.696413 3.9596
356.0 1200.0 -0.700785 3.96182
358.0 1200.0 -0.705157 3.96405
360.0 1200.0 -0.709529 3.96628
362.0 1200.0 -0.713901 3.96851
364.0 1200.0 -0.718273 3.97074
366.0 1200.0 -0.722645 3.97297
368.0 1200.0 -0.727017 3.97519
370.0 1200.0 -0.731389 3.97742
372.0 1200.0 -0.735761 3.97965
374.0 1200.0 -0.740133 3.98188
376.0 1200.0 -0.744555 3.9843
378.0 1200.0 -0.748995 3.98678
380.0 1200.0 -0.753434 3.98927
382.0 1200.0 -0.757874 3.99175
384.0 1200.0 -0.762314 3.99423
386.0 1200.0 -0.766754 3.99672
388.0 1200.0 -0.771194 3.9992
390.0 1200.0 -0.775634 4.00169
392.0 1200.0 -0.780074 4.00417
394.0 1200.0 -0.784513 4.00666
396.0 1200.0 -0.788953 4.00914
398.0 1200.0 -0.793439 4.01183
400.0 1200.0 -0.797943 4.0146
402.0 1200.0 -0.802447 4.01737
404.0 1200.0 -0.806951 4.02014
406.0 1200.0 -0.811456 4.02291
408.0 1200.0 -0.81596 4.02568
410.0 1200.0 -0.820464 4.02845
412.0 1200.0 -0.824968 4.03122
414.0 1200.0 -0.829472 4.03399
416.0 1200.0 -0.833976 4.03676
418.0 1200.0 -0.83848 4.03953
420.0 1200.0 -0.843024 4.04252
422.0 1200.0 -0.847584 4.04561
424.0 1200.0 -0.852145 4.0487
426.0 1200.0 -0.856706 4.05179
428.0 1200.0 -0.861267 4.05488
430.0 1200.0 -0.865827 4.05797
432.0 1200.0 -0.870388 4.06106
434.0 1200.0 -0.874949 4.06415
436.0 1200.0 -0.879509 4.06724
438.0 1200.0 -0.88407 4.07033
440.0 1200.0 -0.888631 4.07342
442.0 1200.0 -0.893222 4.07675
444.0 1200.0 -0.897827 4.0802
446.0 1200.0 -0.902431 4.08364
448.0 1200.0 -0.907036 4.08709
450.0 1200.0 -0.911641 4.09054
452.0 1200.0 -0.916246 4.09398
454.0 1200.0 -0.92085 4.09743
456.0 1200.0 -0.925455 4.10088
458.0 1200.0 -0.93006 4.10432
460.0 1200.0 -0.934665 4.10777
462.0 1200.0 -0.939269 4.11122
464.0 1200.0 -0.94389 4.11493
466.0 1200.0 -0.94852 4.11878
468.0 1200.0 -0.953149 4.12263
470.0 1200.0 -0.957778 4.12647
472.0 1200.0 -0.962407 4.13032
474.0 1200.0 -0.967036 4.13417
476.0 1200.0 -0.971665 4.13801
478.0 1200.0 -0.976294 4.14186
480.0 1200.0 -0.980923 4.14571
482.0 1200.0 -0.985552 4.14955
484.0 1200.0 -0.990181 4.1534
486.0 1200.0 -0.994807 4.15754
488.0 1200.0 -0.999432 4.16183
490.0 1200.0 -1.00406 4.16613
492.0 1200.0 -1.00868 4.17042
494.0 1200.0 -1.01331 4.17472
496.0 1200.0 -1.01793 4.17901
498.0 1200.0 -1.02255 4.1833
500.0 1200.0 -1.02718 4.1876
502.0 1200.0 -1.0318 4.19189
504.0 1200.0 -1.03643 4.19619
506.0 1200.0 -1.04105 4.20048
508.0 1200.0 -1.04565 4.20509
510.0 1200.0 -1.05023 4.20988
512.0 1200.0 -1.0548 4.21467
514.0 1200.0 -1.05938 4.21946
516.0 1200.0 -1.06396 4.22425
518.0 1200.0 -1.06854 4.22904
520.0 1200.0 -1.07312 4.23383
522.0 1200.0 -1.0777 4.23862
524.0 1200.0 -1.08228 4.24341
526.0 1200.0 -1.08685 4.24821
528.0 1200.0 -1.09143 4.253
530.0 1200.0 -1.09595 4.25813
532.0 1200.0 -1.10042 4.26347
534.0 1200.0 -1.1049 4.2688
536.0 1200.0 -1.10938 4.27414
538.0 1200.0 -1.11385 4.27948
540.0 1200.0 -1.11833 4.28481
542.0 1200.0 -1.12281 4.29015
544.0 1200.0 -1.12728 4.29549
546.0 1200.0 -1.13176 4.30082
548.0 1200.0 -1.13623 4.30616
550.0 1200.0 -1.14071 4.3115
552.0 1200.0 -1.14508 4.3172
554.0 1200.0 -1.14938 4.32313
556.0 1200.0 -1.15368 4.32906
558.0 1200.0 -1.15797 4.33499
560.0 1200.0 -1.16227 4.34092
562.0 1200.0 -1.16657 4.34685
564.0 1200.0 -1.17087 4.35278
566.0 1200.0 -1.17517 4.35871
568.0 1200.0 -1.17947 4.36464
570.0 1200.0 -1.18377 4.37057
572.0 1200.0 -1.18806 4.3765
574.0 1200.0 -1.1922 4.3828
576.0 1200.0 -1.19622 4.38936
578.0 1200.0 -1.20025 4.39591
580.0 1200.0 -1.20427 4.40247
582.0 1200.0 -1.2083 4.40903
584.0 1200.0 -1.21232 4.41559
586.0 1200.0 -1.21634 4.42215
588.0 1200.0 -1.22037 4.42871
590.0 1200.0 -1.22439 4.43526
592.0 1200.0 -1.22842 4.44182
594.0 1200.0 -1.23244 4.44838
596.0 1200.0 -1.23624 4.45531
598.0 1200.0 -1.23987 4.46251
600.0 1200.0 -1.2435 4.46972
602.0 1200.0 -1.24713 4.47692
604.0 1200.0 -1.25076 4.48412
606.0 1200.0 -1.25439 4.49132
608.0 1200.0 -1.25802 4.49852
610.0 1200.0 -1.26165 4.50573
612.0 1200.0 -1.26528 4.51293
614.0 1200.0 -1.26891 4.52013
616.0 1200.0 -1.27255 4.52733
618.0 1200.0 -1.27588 4.53489
620.0 1200.0 -1.27898 4.54272
622.0 1200.0 -1.28208 4.55055
624.0 1200.0 -1.28518 4.55838
626.0 1200.0 -1.28828 4.56621
628.0 1200.0 -1.29138 4.57405
630.0 1200.0 -1.29448 4.58188
632.0 1200.0 -1.29758 4.58971
634.0 1200.0 -1.30068 4.59754
636.0 1200.0 -1.30378 4.60537
638.0 1200.0 -1.30688 4.6132
640.0 1200.0 -1.30961 4.62134
642.0 1200.0 -1.31203 4.62974
644.0 1200.0 -1.31445 4.63814
646.0 1200.0 -1.31688 4.64654
648.0 1200.0 -1.3193 4.65495
650.0 1200.0 -1.32172 4.66335
652.0 1200.0 -1.32415 4.67175
654.0 1200.0 -1.32657 4.68015
656.0 1200.0 -1.32899 4.68855
658.0 1200.0 -1.33141 4.69695
660.0 1200.0 -1.33384 4.70535
662.0 1200.0 -1.33582 4.71399
664.0 1200.0 -1.33743 4.72285
666.0 1200.0 -1.33904 4.73171
668.0 1200.0 -1.34064 4.74057
670.0 1200.0 -1.34225 4.74943
672.0 1200.0 -1.34385 4.75828
674.0 1200.0 -1.34546 4.76714
676.0 1200.0 -1.34706 4.776
678.0 1200.0 -1.34867 4.78486
680.0 1200.0 -1.35027 4.79372
682.0 1200.0 -1.35188 4.80258
684.0 1200.0 -1.35301 4.78256
686.0 1200.0 -1.35368 4.73543
688.0 1200.0 -1.35436 4.68829
690.0 1200.0 -1.35504 4.64116
692.0 1200.0 -1.35572 4.59402
694.0 1200.0 -1.35639 4.54689
696.0 1200.0 -1.35707 4.49975
698.0 1200.0 -1.35775 4.45262
