# 
param maxline=128 current=1 gradient=1 normB=1 normE=1
cylinder Z0=2000 nR=350 nZ=1 dR=2 dZ=1
data
0.0 2000.0 0 5.0198
2.0 2000.0 0 5.01983
4.0 2000.0 0 5.01987
6.0 2000.0 0 5.01991
8.0 2000.0 0 5.01995
10.0 2000.0 0 5.01998
12.0 2000.0 0 5.02002
14.0 2000.0 0 5.02006
16.0 2000.0 0 5.0201
18.0 2000.0 0 5.02013
20.0 2000.0 0 5.02017
22.0 2000.0 0 5.02021
24.0 2000.0 0 5.02032
26.0 2000.0 0 5.02043
28.0 2000.0 0 5.02054
30.0 2000.0 0 5.02066
32.0 2000.0 0 5.02077
34.0 2000.0 0 5.02088
36.0 2000.0 0 5.02099
38.0 2000.0 0 5.02111
40.0 2000.0 0 5.02122
42.0 2000.0 0 5.02133
44.0 2000.0 0 5.02144
46.0 2000.0 0 5.02163
48.0 2000.0 0 5.02181
50.0 2000.0 0 5.022
52.0 2000.0 0 5.02219
54.0 2000.0 0 5.02237
56.0 2000.0 0 5.02256
58.0 2000.0 0 5.02275
60.0 2000.0 0 5.02293
62.0 2000.0 0 5.02312
64.0 2000.0 0 5.02331
66.0 2000.0 0 5.02349
68.0 2000.0 0 5.02375
70.0 2000.0 0 5.02401
72.0 2000.0 0 5.02427
74.0 2000.0 0 5.02454
76.0 2000.0 0 5.0248
78.0 2000.0 0 5.02506
80.0 2000.0 0 5.02532
82.0 2000.0 0 5.02558
84.0 2000.0 0 5.02584
86.0 2000.0 0 5.0261
88.0 2000.0 0 5.02636
90.0 2000.0 0 5.02669
92.0 2000.0 0 5.02703
94.0 2000.0 0 5.02736
96.0 2000.0 0 5.0277
98.0 2000.0 0 5.02803
100.0 2000.0 0 5.02837
102.0 2000.0 0 5.0287
104.0 2000.0 0 5.02904
106.0 2000.0 0 5.02937
108.0 2000.0 0 5.02971
110.0 2000.0 0 5.03004
112.0 2000.0 0 5.03044
114.0 2000.0 0 5.03085
116.0 2000.0 0 5.03126
118.0 2000.0 0 5.03167
120.0 2000.0 0 5.03208
122.0 2000.0 0 5.03248
124.0 2000.0 0 5.03289
126.0 2000.0 0 5.0333
128.0 2000.0 0 5.03371
130.0 2000.0 0 5.03411
132.0 2000.0 0 5.03452
134.0 2000.0 0 5.035
136.0 2000.0 0 5.03548
138.0 2000.0 0 5.03596
140.0 2000.0 0 5.03644
142.0 2000.0 0 5.03692
144.0 2000.0 0 5.0374
146.0 2000.0 0 5.03788
148.0 2000.0 0 5.03836
150.0 2000.0 0 5.03884
152.0 2000.0 0 5.03932
154.0 2000.0 0 5.0398
156.0 2000.0 0 5.04034
158.0 2000.0 0 5.04089
160.0 2000.0 0 5.04144
162.0 2000.0 0 5.042
164.0 2000.0 0 5.04255
166.0 2000.0 0 5.0431
168.0 2000.0 0 5.04365
170.0 2000.0 0 5.0442
172.0 2000.0 0 5.04475
174.0 2000.0 0 5.04531
176.0 2000.0 0 5.04586
178.0 2000.0 0 5.04647
180.0 2000.0 0 5.04709
182.0 2000.0 0 5.04771
184.0 2000.0 0 5.04834
186.0 2000.0 0 5.04896
188.0 2000.0 0 5.04958
190.0 2000.0 0 5.0502
192.0 2000.0 0 5.05082
194.0 2000.0 0 5.05145
196.0 2000.0 0 5.05207
198.0 2000.0 0 5.05269
200.0 2000.0 0 5.05337
202.0 2000.0 0 5.05406
204.0 2000.0 0 5.05475
206.0 2000.0 0 5.05544
208.0 2000.0 0 5.05613
210.0 2000.0 0 5.05683
212.0 2000.0 0 5.05752
214.0 2000.0 0 5.05821
216.0 2000.0 0 5.0589
218.0 2000.0 0 5.05959
220.0 2000.0 0 5.06028
222.0 2000.0 0 5.06103
224.0 2000.0 0 5.06179
226.0 2000.0 0 5.06255
228.0 2000.0 0 5.0633
230.0 2000.0 0 5.06406
232.0 2000.0 0 5.06482
234.0 2000.0 0 5.06558
236.0 2000.0 0 5.06634
238.0 2000.0 0 5.0671
240.0 2000.0 0 5.06786
242.0 2000.0 0 5.06862
244.0 2000.0 0 5.06943
246.0 2000.0 0 5.07025
248.0 2000.0 0 5.07108
250.0 2000.0 0 5.0719
252.0 2000.0 0 5.07273
254.0 2000.0 0 5.07355
256.0 2000.0 0 5.07438
258.0 2000.0 0 5.0752
260.0 2000.0 0 5.07603
262.0 2000.0 0 5.07685
264.0 2000.0 0 5.07768
266.0 2000.0 0 5.07855
268.0 2000.0 0 5.07944
270.0 2000.0 0 5.08033
272.0 2000.0 0 5.08122
274.0 2000.0 0 5.08211
276.0 2000.0 0 5.083
278.0 2000.0 0 5.08389
280.0 2000.0 0 5.08478
282.0 2000.0 0 5.08567
284.0 2000.0 0 5.08656
286.0 2000.0 0 5.08745
288.0 2000.0 0 5.08839
290.0 2000.0 0 5.08934
292.0 2000.0 0 5.09029
294.0 2000.0 0 5.09124
296.0 2000.0 0 5.09219
298.0 2000.0 0 5.09315
300.0 2000.0 0 5.0941
302.0 2000.0 0 5.09505
304.0 2000.0 0 5.096
306.0 2000.0 0 5.09696
308.0 2000.0 0 5.09791
310.0 2000.0 0 5.09891
312.0 2000.0 0 5.09992
314.0 2000.0 0 5.10093
316.0 2000.0 0 5.10194
318.0 2000.0 0 5.10296
320.0 2000.0 0 5.10397
322.0 2000.0 0 5.10498
324.0 2000.0 0 5.106
326.0 2000.0 0 5.10701
328.0 2000.0 0 5.10802
330.0 2000.0 0 5.10903
332.0 2000.0 0 5.11009
334.0 2000.0 0 5.11116
336.0 2000.0 0 5.11223
338.0 2000.0 0 5.11331
340.0 2000.0 0 5.11438
342.0 2000.0 0 5.11545
344.0 2000.0 0 5.11652
346.0 2000.0 0 5.11759
348.0 2000.0 0 5.11866
350.0 2000.0 0 5.11973
352.0 2000.0 0 5.12081
354.0 2000.0 0 5.12192
356.0 2000.0 0 5.12305
358.0 2000.0 0 5.12417
360.0 2000.0 0 5.1253
362.0 2000.0 0 5.12643
364.0 2000.0 0 5.12756
366.0 2000.0 0 5.12869
368.0 2000.0 0 5.12981
370.0 2000.0 0 5.13094
372.0 2000.0 0 5.13207
374.0 2000.0 0 5.1332
376.0 2000.0 0 5.13436
378.0 2000.0 0 5.13555
380.0 2000.0 0 5.13673
382.0 2000.0 0 5.13791
384.0 2000.0 0 5.13909
386.0 2000.0 0 5.14027
388.0 2000.0 0 5.14145
390.0 2000.0 0 5.14264
392.0 2000.0 0 5.14382
394.0 2000.0 0 5.145
396.0 2000.0 0 5.14618
398.0 2000.0 0 5.1474
400.0 2000.0 0 5.14863
402.0 2000.0 0 5.14987
404.0 2000.0 0 5.1511
406.0 2000.0 0 5.15233
408.0 2000.0 0 5.15357
410.0 2000.0 0 5.1548
412.0 2000.0 0 5.15603
414.0 2000.0 0 5.15726
416.0 2000.0 0 5.1585
418.0 2000.0 0 5.15973
420.0 2000.0 0 5.161
422.0 2000.0 0 5.16228
424.0 2000.0 0 5.16356
426.0 2000.0 0 5.16484
428.0 2000.0 0 5.16613
430.0 2000.0 0 5.16741
432.0 2000.0 0 5.16869
434.0 2000.0 0 5.16997
436.0 2000.0 0 5.17125
438.0 2000.0 0 5.17254
440.0 2000.0 0 5.17382
442.0 2000.0 0 5.17513
444.0 2000.0 0 5.17646
446.0 2000.0 0 5.17779
448.0 2000.0 0 5.17912
450.0 2000.0 0 5.18044
452.0 2000.0 0 5.18177
454.0 2000.0 0 5.1831
456.0 2000.0 0 5.18443
458.0 2000.0 0 5.18576
460.0 2000.0 0 5.18708
462.0 2000.0 0 5.18841
464.0 2000.0 0 5.18977
466.0 2000.0 0 5.19114
468.0 2000.0 0 5.19251
470.0 2000.0 0 5.19388
472.0 2000.0 0 5.19525
474.0 2000.0 0 5.19662
476.0 2000.0 0 5.198
478.0 2000.0 0 5.19937
480.0 2000.0 0 5.20074
482.0 2000.0 0 5.20211
484.0 2000.0 0 5.20348
486.0 2000.0 0 5.20488
488.0 2000.0 0 5.20629
490.0 2000.0 0 5.2077
492.0 2000.0 0 5.20911
494.0 2000.0 0 5.21052
496.0 2000.0 0 5.21193
498.0 2000.0 0 5.21335
500.0 2000.0 0 5.21476
502.0 2000.0 0 5.21617
504.0 2000.0 0 5.21758
506.0 2000.0 0 5.21899
508.0 2000.0 0 5.22043
510.0 2000.0 0 5.22188
512.0 2000.0 0 5.22332
514.0 2000.0 0 5.22477
516.0 2000.0 0 5.22622
518.0 2000.0 0 5.22767
520.0 2000.0 0 5.22912
522.0 2000.0 0 5.23057
524.0 2000.0 0 5.23201
526.0 2000.0 0 5.23346
528.0 2000.0 0 5.23491
530.0 2000.0 0 5.23638
532.0 2000.0 0 5.23786
534.0 2000.0 0 5.23935
536.0 2000.0 0 5.24083
538.0 2000.0 0 5.24231
540.0 2000.0 0 5.24379
542.0 2000.0 0 5.24528
544.0 2000.0 0 5.24676
546.0 2000.0 0 5.24824
548.0 2000.0 0 5.24972
550.0 2000.0 0 5.25121
552.0 2000.0 0 5.25271
554.0 2000.0 0 5.25422
556.0 2000.0 0 5.25573
558.0 2000.0 0 5.25725
560.0 2000.0 0 5.25876
562.0 2000.0 0 5.26027
564.0 2000.0 0 5.26179
566.0 2000.0 0 5.2633
568.0 2000.0 0 5.26481
570.0 2000.0 0 5.26632
572.0 2000.0 0 5.26784
574.0 2000.0 0 5.26937
576.0 2000.0 0 5.27091
578.0 2000.0 0 5.27245
580.0 2000.0 0 5.27399
582.0 2000.0 0 5.27553
584.0 2000.0 0 5.27707
586.0 2000.0 0 5.27861
588.0 2000.0 0 5.28015
590.0 2000.0 0 5.28169
592.0 2000.0 0 5.28323
594.0 2000.0 0 5.28477
596.0 2000.0 0 5.28633
598.0 2000.0 0 5.28789
600.0 2000.0 0 5.28946
602.0 2000.0 0 5.29102
604.0 2000.0 0 5.29259
606.0 2000.0 0 5.29415
608.0 2000.0 0 5.29572
610.0 2000.0 0 5.29728
612.0 2000.0 0 5.29885
614.0 2000.0 0 5.30041
616.0 2000.0 0 5.30198
618.0 2000.0 0 5.30355
620.0 2000.0 0 5.30514
622.0 2000.0 0 5.30672
624.0 2000.0 0 5.30831
626.0 2000.0 0 5.3099
628.0 2000.0 0 5.31148
630.0 2000.0 0 5.31307
632.0 2000.0 0 5.31465
634.0 2000.0 0 5.31624
636.0 2000.0 0 5.31782
638.0 2000.0 0 5.31941
640.0 2000.0 0 5.321
642.0 2000.0 0 5.32261
644.0 2000.0 0 5.32421
646.0 2000.0 0 5.32581
648.0 2000.0 0 5.32742
650.0 2000.0 0 5.32902
652.0 2000.0 0 5.33062
654.0 2000.0 0 5.33223
656.0 2000.0 0 5.33383
658.0 2000.0 0 5.33543
660.0 2000.0 0 5.33704
662.0 2000.0 0 5.33865
664.0 2000.0 0 5.34026
666.0 2000.0 0 5.34188
668.0 2000.0 0 5.3435
670.0 2000.0 0 5.34512
672.0 2000.0 0 5.34673
674.0 2000.0 0 5.34835
676.0 2000.0 0 5.34997
678.0 2000.0 0 5.35159
680.0 2000.0 0 5.3532
682.0 2000.0 0 5.35482
684.0 2000.0 0 5.32742
686.0 2000.0 0 5.27276
688.0 2000.0 0 5.21811
690.0 2000.0 0 5.16345
692.0 2000.0 0 5.10879
694.0 2000.0 0 5.05413
696.0 2000.0 0 4.99948
698.0 2000.0 0 4.94482
