# 
param maxline=128 current=1 gradient=1 normB=1 normE=1
cylinder Z0=4000 nR=350 nZ=1 dR=2 dZ=1
data
0.0 4000.0 0 3.5154
2.0 4000.0 0.000808783 3.5154
4.0 4000.0 0.00161757 3.51541
6.0 4000.0 0.00242635 3.51541
8.0 4000.0 0.00323513 3.51541
10.0 4000.0 0.00404392 3.51542
12.0 4000.0 0.0048527 3.51542
14.0 4000.0 0.00566148 3.51543
16.0 4000.0 0.00647027 3.51543
18.0 4000.0 0.00727905 3.51544
20.0 4000.0 0.00808783 3.51544
22.0 4000.0 0.00889662 3.51544
24.0 4000.0 0.00970404 3.51546
26.0 4000.0 0.0105114 3.51547
28.0 4000.0 0.0113188 3.51548
30.0 4000.0 0.0121262 3.5155
32.0 4000.0 0.0129336 3.51551
34.0 4000.0 0.013741 3.51552
36.0 4000.0 0.0145484 3.51553
38.0 4000.0 0.0153558 3.51555
40.0 4000.0 0.0161632 3.51556
42.0 4000.0 0.0169706 3.51557
44.0 4000.0 0.017778 3.51559
46.0 4000.0 0.0185827 3.51561
48.0 4000.0 0.0193874 3.51563
50.0 4000.0 0.020192 3.51565
52.0 4000.0 0.0209966 3.51567
54.0 4000.0 0.0218013 3.51569
56.0 4000.0 0.0226059 3.51572
58.0 4000.0 0.0234105 3.51574
60.0 4000.0 0.0242152 3.51576
62.0 4000.0 0.0250198 3.51578
64.0 4000.0 0.0258244 3.5158
66.0 4000.0 0.0266291 3.51582
68.0 4000.0 0.0274297 3.51585
70.0 4000.0 0.0282302 3.51588
72.0 4000.0 0.0290307 3.51591
74.0 4000.0 0.0298312 3.51594
76.0 4000.0 0.0306317 3.51597
78.0 4000.0 0.0314322 3.516
80.0 4000.0 0.0322327 3.51603
82.0 4000.0 0.0330331 3.51606
84.0 4000.0 0.0338336 3.51609
86.0 4000.0 0.0346341 3.51612
88.0 4000.0 0.0354346 3.51615
90.0 4000.0 0.0362299 3.51619
92.0 4000.0 0.0370249 3.51623
94.0 4000.0 0.0378199 3.51627
96.0 4000.0 0.0386148 3.51631
98.0 4000.0 0.0394098 3.51635
100.0 4000.0 0.0402048 3.51639
102.0 4000.0 0.0409997 3.51642
104.0 4000.0 0.0417947 3.51646
106.0 4000.0 0.0425897 3.5165
108.0 4000.0 0.0433846 3.51654
110.0 4000.0 0.0441796 3.51658
112.0 4000.0 0.0449682 3.51662
114.0 4000.0 0.0457563 3.51667
116.0 4000.0 0.0465444 3.51672
118.0 4000.0 0.0473325 3.51677
120.0 4000.0 0.0481206 3.51681
122.0 4000.0 0.0489087 3.51686
124.0 4000.0 0.0496968 3.51691
126.0 4000.0 0.0504848 3.51695
128.0 4000.0 0.0512729 3.517
130.0 4000.0 0.052061 3.51705
132.0 4000.0 0.0528491 3.5171
134.0 4000.0 0.0536297 3.51715
136.0 4000.0 0.0544096 3.51721
138.0 4000.0 0.0551894 3.51726
140.0 4000.0 0.0559693 3.51732
142.0 4000.0 0.0567492 3.51737
144.0 4000.0 0.057529 3.51743
146.0 4000.0 0.0583089 3.51748
148.0 4000.0 0.0590887 3.51754
150.0 4000.0 0.0598686 3.51759
152.0 4000.0 0.0606484 3.51765
154.0 4000.0 0.0614283 3.5177
156.0 4000.0 0.0621996 3.51777
158.0 4000.0 0.0629699 3.51783
160.0 4000.0 0.0637402 3.51789
162.0 4000.0 0.0645105 3.51796
164.0 4000.0 0.0652808 3.51802
166.0 4000.0 0.066051 3.51809
168.0 4000.0 0.0668213 3.51815
170.0 4000.0 0.0675916 3.51821
172.0 4000.0 0.0683619 3.51828
174.0 4000.0 0.0691322 3.51834
176.0 4000.0 0.0699025 3.5184
178.0 4000.0 0.0706632 3.51847
180.0 4000.0 0.0714226 3.51855
182.0 4000.0 0.072182 3.51862
184.0 4000.0 0.0729414 3.51869
186.0 4000.0 0.0737008 3.51876
188.0 4000.0 0.0744602 3.51883
190.0 4000.0 0.0752196 3.51891
192.0 4000.0 0.075979 3.51898
194.0 4000.0 0.0767383 3.51905
196.0 4000.0 0.0774977 3.51912
198.0 4000.0 0.0782571 3.51919
200.0 4000.0 0.079006 3.51927
202.0 4000.0 0.0797532 3.51935
204.0 4000.0 0.0805004 3.51943
206.0 4000.0 0.0812476 3.51951
208.0 4000.0 0.0819948 3.51959
210.0 4000.0 0.082742 3.51967
212.0 4000.0 0.0834892 3.51975
214.0 4000.0 0.0842364 3.51983
216.0 4000.0 0.0849836 3.51991
218.0 4000.0 0.0857308 3.51999
220.0 4000.0 0.086478 3.52007
222.0 4000.0 0.0872138 3.52016
224.0 4000.0 0.0879475 3.52024
226.0 4000.0 0.0886813 3.52033
228.0 4000.0 0.089415 3.52042
230.0 4000.0 0.0901487 3.52051
232.0 4000.0 0.0908824 3.5206
234.0 4000.0 0.0916162 3.52068
236.0 4000.0 0.0923499 3.52077
238.0 4000.0 0.0930836 3.52086
240.0 4000.0 0.0938173 3.52095
242.0 4000.0 0.094551 3.52103
244.0 4000.0 0.0952726 3.52113
246.0 4000.0 0.0959916 3.52122
248.0 4000.0 0.0967106 3.52132
250.0 4000.0 0.0974295 3.52142
252.0 4000.0 0.0981485 3.52151
254.0 4000.0 0.0988675 3.52161
256.0 4000.0 0.0995865 3.5217
258.0 4000.0 0.100306 3.5218
260.0 4000.0 0.101025 3.52189
262.0 4000.0 0.101744 3.52199
264.0 4000.0 0.102463 3.52208
266.0 4000.0 0.103169 3.52219
268.0 4000.0 0.103872 3.52229
270.0 4000.0 0.104575 3.52239
272.0 4000.0 0.105278 3.52249
274.0 4000.0 0.105981 3.5226
276.0 4000.0 0.106684 3.5227
278.0 4000.0 0.107387 3.5228
280.0 4000.0 0.10809 3.52291
282.0 4000.0 0.108793 3.52301
284.0 4000.0 0.109496 3.52311
286.0 4000.0 0.110199 3.52321
288.0 4000.0 0.110888 3.52332
290.0 4000.0 0.111574 3.52343
292.0 4000.0 0.11226 3.52354
294.0 4000.0 0.112946 3.52366
296.0 4000.0 0.113632 3.52377
298.0 4000.0 0.114318 3.52388
300.0 4000.0 0.115004 3.52399
302.0 4000.0 0.11569 3.5241
304.0 4000.0 0.116376 3.52421
306.0 4000.0 0.117062 3.52432
308.0 4000.0 0.117748 3.52443
310.0 4000.0 0.118419 3.52454
312.0 4000.0 0.119087 3.52466
314.0 4000.0 0.119754 3.52478
316.0 4000.0 0.120422 3.5249
318.0 4000.0 0.12109 3.52501
320.0 4000.0 0.121757 3.52513
322.0 4000.0 0.122425 3.52525
324.0 4000.0 0.123093 3.52537
326.0 4000.0 0.12376 3.52548
328.0 4000.0 0.124428 3.5256
330.0 4000.0 0.125095 3.52572
332.0 4000.0 0.125748 3.52584
334.0 4000.0 0.126396 3.52597
336.0 4000.0 0.127045 3.52609
338.0 4000.0 0.127693 3.52621
340.0 4000.0 0.128341 3.52634
342.0 4000.0 0.128989 3.52646
344.0 4000.0 0.129638 3.52659
346.0 4000.0 0.130286 3.52671
348.0 4000.0 0.130934 3.52684
350.0 4000.0 0.131582 3.52696
352.0 4000.0 0.132231 3.52709
354.0 4000.0 0.132863 3.52721
356.0 4000.0 0.133491 3.52735
358.0 4000.0 0.134119 3.52748
360.0 4000.0 0.134747 3.52761
362.0 4000.0 0.135375 3.52774
364.0 4000.0 0.136002 3.52787
366.0 4000.0 0.13663 3.528
368.0 4000.0 0.137258 3.52813
370.0 4000.0 0.137886 3.52826
372.0 4000.0 0.138514 3.52839
374.0 4000.0 0.139141 3.52853
376.0 4000.0 0.139753 3.52866
378.0 4000.0 0.14036 3.5288
380.0 4000.0 0.140966 3.52894
382.0 4000.0 0.141572 3.52907
384.0 4000.0 0.142179 3.52921
386.0 4000.0 0.142785 3.52935
388.0 4000.0 0.143391 3.52949
390.0 4000.0 0.143998 3.52962
392.0 4000.0 0.144604 3.52976
394.0 4000.0 0.14521 3.5299
396.0 4000.0 0.145817 3.53004
398.0 4000.0 0.146407 3.53018
400.0 4000.0 0.146991 3.53032
402.0 4000.0 0.147575 3.53047
404.0 4000.0 0.148159 3.53061
406.0 4000.0 0.148743 3.53075
408.0 4000.0 0.149327 3.5309
410.0 4000.0 0.149911 3.53104
412.0 4000.0 0.150495 3.53118
414.0 4000.0 0.151079 3.53133
416.0 4000.0 0.151663 3.53147
418.0 4000.0 0.152246 3.53162
420.0 4000.0 0.152814 3.53176
422.0 4000.0 0.153375 3.53191
424.0 4000.0 0.153935 3.53206
426.0 4000.0 0.154496 3.53221
428.0 4000.0 0.155057 3.53236
430.0 4000.0 0.155617 3.53251
432.0 4000.0 0.156178 3.53266
434.0 4000.0 0.156739 3.53281
436.0 4000.0 0.157299 3.53296
438.0 4000.0 0.15786 3.53311
440.0 4000.0 0.158421 3.53326
442.0 4000.0 0.158965 3.53341
444.0 4000.0 0.159501 3.53357
446.0 4000.0 0.160038 3.53372
448.0 4000.0 0.160574 3.53388
450.0 4000.0 0.161111 3.53403
452.0 4000.0 0.161648 3.53419
454.0 4000.0 0.162184 3.53434
456.0 4000.0 0.162721 3.5345
458.0 4000.0 0.163257 3.53465
460.0 4000.0 0.163794 3.53481
462.0 4000.0 0.16433 3.53496
464.0 4000.0 0.16485 3.53512
466.0 4000.0 0.165362 3.53528
468.0 4000.0 0.165874 3.53544
470.0 4000.0 0.166385 3.5356
472.0 4000.0 0.166897 3.53577
474.0 4000.0 0.167409 3.53593
476.0 4000.0 0.167921 3.53609
478.0 4000.0 0.168432 3.53625
480.0 4000.0 0.168944 3.53641
482.0 4000.0 0.169456 3.53657
484.0 4000.0 0.169967 3.53673
486.0 4000.0 0.170462 3.53689
488.0 4000.0 0.170949 3.53706
490.0 4000.0 0.171435 3.53722
492.0 4000.0 0.171921 3.53739
494.0 4000.0 0.172407 3.53755
496.0 4000.0 0.172893 3.53772
498.0 4000.0 0.17338 3.53788
500.0 4000.0 0.173866 3.53805
502.0 4000.0 0.174352 3.53822
504.0 4000.0 0.174838 3.53838
506.0 4000.0 0.175325 3.53855
508.0 4000.0 0.175794 3.53871
510.0 4000.0 0.176254 3.53889
512.0 4000.0 0.176714 3.53906
514.0 4000.0 0.177174 3.53923
516.0 4000.0 0.177634 3.5394
518.0 4000.0 0.178095 3.53957
520.0 4000.0 0.178555 3.53974
522.0 4000.0 0.179015 3.53991
524.0 4000.0 0.179475 3.54008
526.0 4000.0 0.179935 3.54025
528.0 4000.0 0.180395 3.54042
530.0 4000.0 0.180839 3.54059
532.0 4000.0 0.181272 3.54076
534.0 4000.0 0.181706 3.54094
536.0 4000.0 0.182139 3.54111
538.0 4000.0 0.182573 3.54129
540.0 4000.0 0.183006 3.54146
542.0 4000.0 0.18344 3.54164
544.0 4000.0 0.183873 3.54181
546.0 4000.0 0.184307 3.54198
548.0 4000.0 0.18474 3.54216
550.0 4000.0 0.185174 3.54233
552.0 4000.0 0.185591 3.54251
554.0 4000.0 0.185997 3.54269
556.0 4000.0 0.186404 3.54287
558.0 4000.0 0.18681 3.54305
560.0 4000.0 0.187217 3.54322
562.0 4000.0 0.187624 3.5434
564.0 4000.0 0.18803 3.54358
566.0 4000.0 0.188437 3.54376
568.0 4000.0 0.188843 3.54394
570.0 4000.0 0.18925 3.54412
572.0 4000.0 0.189656 3.5443
574.0 4000.0 0.190046 3.54448
576.0 4000.0 0.190426 3.54466
578.0 4000.0 0.190805 3.54484
580.0 4000.0 0.191184 3.54502
582.0 4000.0 0.191563 3.5452
584.0 4000.0 0.191942 3.54539
586.0 4000.0 0.192321 3.54557
588.0 4000.0 0.192701 3.54575
590.0 4000.0 0.19308 3.54593
592.0 4000.0 0.193459 3.54611
594.0 4000.0 0.193838 3.5463
596.0 4000.0 0.194201 3.54648
598.0 4000.0 0.194553 3.54667
600.0 4000.0 0.194905 3.54685
602.0 4000.0 0.195256 3.54704
604.0 4000.0 0.195608 3.54722
606.0 4000.0 0.19596 3.54741
608.0 4000.0 0.196311 3.54759
610.0 4000.0 0.196663 3.54778
612.0 4000.0 0.197014 3.54796
614.0 4000.0 0.197366 3.54815
616.0 4000.0 0.197718 3.54834
618.0 4000.0 0.198054 3.54852
620.0 4000.0 0.198378 3.54871
622.0 4000.0 0.198702 3.5489
624.0 4000.0 0.199025 3.54909
626.0 4000.0 0.199349 3.54928
628.0 4000.0 0.199673 3.54946
630.0 4000.0 0.199997 3.54965
632.0 4000.0 0.200321 3.54984
634.0 4000.0 0.200645 3.55003
636.0 4000.0 0.200969 3.55022
638.0 4000.0 0.201293 3.55041
640.0 4000.0 0.201602 3.5506
642.0 4000.0 0.201898 3.55079
644.0 4000.0 0.202194 3.55098
646.0 4000.0 0.20249 3.55117
648.0 4000.0 0.202787 3.55136
650.0 4000.0 0.203083 3.55155
652.0 4000.0 0.203379 3.55174
654.0 4000.0 0.203675 3.55193
656.0 4000.0 0.203971 3.55212
658.0 4000.0 0.204267 3.55231
660.0 4000.0 0.204564 3.55251
662.0 4000.0 0.204845 3.5527
664.0 4000.0 0.205114 3.55289
666.0 4000.0 0.205382 3.55308
668.0 4000.0 0.205651 3.55328
670.0 4000.0 0.205919 3.55347
672.0 4000.0 0.206188 3.55366
674.0 4000.0 0.206456 3.55386
676.0 4000.0 0.206725 3.55405
678.0 4000.0 0.206993 3.55424
680.0 4000.0 0.207262 3.55444
682.0 4000.0 0.20753 3.55463
684.0 4000.0 0.207785 3.53741
686.0 4000.0 0.208026 3.50383
688.0 4000.0 0.208267 3.47026
690.0 4000.0 0.208508 3.43668
692.0 4000.0 0.208749 3.4031
694.0 4000.0 0.20899 3.36953
696.0 4000.0 0.209231 3.33595
698.0 4000.0 0.209472 3.30238
