# 
param maxline=128 current=1 gradient=1 normB=1 normE=1
cylinder Z0=1200 nR=350 nZ=1 dR=2 dZ=1
data
0.0 1200.0 0 3.70004
2.0 1200.0 -0.00360843 3.70009
4.0 1200.0 -0.00721685 3.70014
6.0 1200.0 -0.0108253 3.70019
8.0 1200.0 -0.0144337 3.70023
10.0 1200.0 -0.0180421 3.70028
12.0 1200.0 -0.0216506 3.70033
14.0 1200.0 -0.025259 3.70038
16.0 1200.0 -0.0288674 3.70043
18.0 1200.0 -0.0324758 3.70048
20.0 1200.0 -0.0360843 3.70052
22.0 1200.0 -0.0396927 3.70057
24.0 1200.0 -0.043306 3.70072
26.0 1200.0 -0.0469195 3.70086
28.0 1200.0 -0.0505329 3.70101
30.0 1200.0 -0.0541463 3.70115
32.0 1200.0 -0.0577597 3.7013
34.0 1200.0 -0.0613732 3.70144
36.0 1200.0 -0.0649866 3.70159
38.0 1200.0 -0.0686 3.70173
40.0 1200.0 -0.0722134 3.70188
42.0 1200.0 -0.0758269 3.70203
44.0 1200.0 -0.0794403 3.70217
46.0 1200.0 -0.0830634 3.70241
48.0 1200.0 -0.0866868 3.70265
50.0 1200.0 -0.0903102 3.7029
52.0 1200.0 -0.0939337 3.70314
54.0 1200.0 -0.0975571 3.70339
56.0 1200.0 -0.101181 3.70363
58.0 1200.0 -0.104804 3.70387
60.0 1200.0 -0.108427 3.70412
62.0 1200.0 -0.112051 3.70436
64.0 1200.0 -0.115674 3.7046
66.0 1200.0 -0.119298 3.70485
68.0 1200.0 -0.122935 3.70518
70.0 1200.0 -0.126574 3.70553
72.0 1200.0 -0.130212 3.70587
74.0 1200.0 -0.133851 3.70622
76.0 1200.0 -0.137489 3.70656
78.0 1200.0 -0.141128 3.7069
80.0 1200.0 -0.144766 3.70725
82.0 1200.0 -0.148404 3.70759
84.0 1200.0 -0.152043 3.70793
86.0 1200.0 -0.155681 3.70828
88.0 1200.0 -0.15932 3.70862
90.0 1200.0 -0.162977 3.70906
92.0 1200.0 -0.166636 3.7095
94.0 1200.0 -0.170294 3.70995
96.0 1200.0 -0.173953 3.7104
98.0 1200.0 -0.177611 3.71084
100.0 1200.0 -0.18127 3.71129
102.0 1200.0 -0.184928 3.71173
104.0 1200.0 -0.188587 3.71218
106.0 1200.0 -0.192245 3.71263
108.0 1200.0 -0.195904 3.71307
110.0 1200.0 -0.199562 3.71352
112.0 1200.0 -0.203244 3.71406
114.0 1200.0 -0.206927 3.71461
116.0 1200.0 -0.210611 3.71517
118.0 1200.0 -0.214295 3.71572
120.0 1200.0 -0.217978 3.71627
122.0 1200.0 -0.221662 3.71682
124.0 1200.0 -0.225345 3.71737
126.0 1200.0 -0.229029 3.71793
128.0 1200.0 -0.232713 3.71848
130.0 1200.0 -0.236396 3.71903
132.0 1200.0 -0.24008 3.71958
134.0 1200.0 -0.243791 3.72023
136.0 1200.0 -0.247505 3.7209
138.0 1200.0 -0.251219 3.72156
140.0 1200.0 -0.254932 3.72222
142.0 1200.0 -0.258646 3.72288
144.0 1200.0 -0.26236 3.72354
146.0 1200.0 -0.266074 3.72421
148.0 1200.0 -0.269788 3.72487
150.0 1200.0 -0.273502 3.72553
152.0 1200.0 -0.277215 3.72619
154.0 1200.0 -0.280929 3.72686
156.0 1200.0 -0.284675 3.72762
158.0 1200.0 -0.288424 3.7284
160.0 1200.0 -0.292173 3.72918
162.0 1200.0 -0.295922 3.72995
164.0 1200.0 -0.299671 3.73073
166.0 1200.0 -0.30342 3.73151
168.0 1200.0 -0.307169 3.73229
170.0 1200.0 -0.310918 3.73306
172.0 1200.0 -0.314668 3.73384
174.0 1200.0 -0.318417 3.73462
176.0 1200.0 -0.322166 3.7354
178.0 1200.0 -0.32595 3.73628
180.0 1200.0 -0.32974 3.73718
182.0 1200.0 -0.333529 3.73808
184.0 1200.0 -0.337319 3.73898
186.0 1200.0 -0.341108 3.73988
188.0 1200.0 -0.344898 3.74078
190.0 1200.0 -0.348687 3.74168
192.0 1200.0 -0.352477 3.74258
194.0 1200.0 -0.356266 3.74348
196.0 1200.0 -0.360056 3.74438
198.0 1200.0 -0.363845 3.74528
200.0 1200.0 -0.367674 3.74629
202.0 1200.0 -0.371509 3.74732
204.0 1200.0 -0.375344 3.74835
206.0 1200.0 -0.379179 3.74938
208.0 1200.0 -0.383014 3.75041
210.0 1200.0 -0.386849 3.75144
212.0 1200.0 -0.390684 3.75246
214.0 1200.0 -0.394518 3.75349
216.0 1200.0 -0.398353 3.75452
218.0 1200.0 -0.402188 3.75555
220.0 1200.0 -0.406023 3.75658
222.0 1200.0 -0.409901 3.75773
224.0 1200.0 -0.413786 3.75889
226.0 1200.0 -0.417671 3.76006
228.0 1200.0 -0.421557 3.76123
230.0 1200.0 -0.425442 3.7624
232.0 1200.0 -0.429327 3.76356
234.0 1200.0 -0.433212 3.76473
236.0 1200.0 -0.437098 3.7659
238.0 1200.0 -0.440983 3.76707
240.0 1200.0 -0.444868 3.76823
242.0 1200.0 -0.448754 3.7694
244.0 1200.0 -0.452685 3.77069
246.0 1200.0 -0.456625 3.77201
248.0 1200.0 -0.460565 3.77333
250.0 1200.0 -0.464506 3.77464
252.0 1200.0 -0.468446 3.77596
254.0 1200.0 -0.472387 3.77728
256.0 1200.0 -0.476327 3.77859
258.0 1200.0 -0.480268 3.77991
260.0 1200.0 -0.484208 3.78122
262.0 1200.0 -0.488149 3.78254
264.0 1200.0 -0.492089 3.78386
266.0 1200.0 -0.496078 3.7853
268.0 1200.0 -0.500078 3.78678
270.0 1200.0 -0.504078 3.78826
272.0 1200.0 -0.508078 3.78974
274.0 1200.0 -0.512078 3.79121
276.0 1200.0 -0.516078 3.79269
278.0 1200.0 -0.520078 3.79417
280.0 1200.0 -0.524078 3.79565
282.0 1200.0 -0.528079 3.79713
284.0 1200.0 -0.532079 3.7986
286.0 1200.0 -0.536079 3.80008
288.0 1200.0 -0.54013 3.8017
290.0 1200.0 -0.544193 3.80335
292.0 1200.0 -0.548257 3.805
294.0 1200.0 -0.552321 3.80666
296.0 1200.0 -0.556385 3.80831
298.0 1200.0 -0.560449 3.80996
300.0 1200.0 -0.564512 3.81161
302.0 1200.0 -0.568576 3.81327
304.0 1200.0 -0.57264 3.81492
306.0 1200.0 -0.576704 3.81657
308.0 1200.0 -0.580767 3.81823
310.0 1200.0 -0.584884 3.82003
312.0 1200.0 -0.589015 3.82187
314.0 1200.0 -0.593145 3.82372
316.0 1200.0 -0.597276 3.82556
318.0 1200.0 -0.601407 3.82741
320.0 1200.0 -0.605538 3.82925
322.0 1200.0 -0.609669 3.8311
324.0 1200.0 -0.6138 3.83294
326.0 1200.0 -0.617931 3.83479
328.0 1200.0 -0.622062 3.83663
330.0 1200.0 -0.626193 3.83848
332.0 1200.0 -0.630377 3.84048
334.0 1200.0 -0.634577 3.84254
336.0 1200.0 -0.638778 3.8446
338.0 1200.0 -0.642978 3.84665
340.0 1200.0 -0.647179 3.84871
342.0 1200.0 -0.651379 3.85076
344.0 1200.0 -0.655579 3.85282
346.0 1200.0 -0.65978 3.85488
348.0 1200.0 -0.66398 3.85693
350.0 1200.0 -0.668181 3.85899
352.0 1200.0 -0.672381 3.86104
354.0 1200.0 -0.676635 3.86327
356.0 1200.0 -0.680906 3.86556
358.0 1200.0 -0.685177 3.86785
360.0 1200.0 -0.689448 3.87014
362.0 1200.0 -0.693719 3.87243
364.0 1200.0 -0.69799 3.87472
366.0 1200.0 -0.702261 3.87701
368.0 1200.0 -0.706532 3.8793
370.0 1200.0 -0.710803 3.88159
372.0 1200.0 -0.715074 3.88388
374.0 1200.0 -0.719345 3.88617
376.0 1200.0 -0.723668 3.88865
378.0 1200.0 -0.728009 3.89119
380.0 1200.0 -0.732349 3.89374
382.0 1200.0 -0.73669 3.89629
384.0 1200.0 -0.741031 3.89884
386.0 1200.0 -0.745372 3.90139
388.0 1200.0 -0.749713 3.90394
390.0 1200.0 -0.754053 3.90648
392.0 1200.0 -0.758394 3.90903
394.0 1200.0 -0.762735 3.91158
396.0 1200.0 -0.767076 3.91413
398.0 1200.0 -0.771464 3.91688
400.0 1200.0 -0.775871 3.91972
402.0 1200.0 -0.780278 3.92256
404.0 1200.0 -0.784685 3.92539
406.0 1200.0 -0.789092 3.92823
408.0 1200.0 -0.793499 3.93107
410.0 1200.0 -0.797906 3.9339
412.0 1200.0 -0.802313 3.93674
414.0 1200.0 -0.80672 3.93958
416.0 1200.0 -0.811127 3.94242
418.0 1200.0 -0.815534 3.94525
420.0 1200.0 -0.819982 3.94832
422.0 1200.0 -0.824448 3.95147
424.0 1200.0 -0.828913 3.95463
426.0 1200.0 -0.833379 3.95779
428.0 1200.0 -0.837845 3.96095
430.0 1200.0 -0.84231 3.96411
432.0 1200.0 -0.846776 3.96727
434.0 1200.0 -0.851242 3.97043
436.0 1200.0 -0.855707 3.97359
438.0 1200.0 -0.860173 3.97675
440.0 1200.0 -0.864639 3.9799
442.0 1200.0 -0.869136 3.98331
444.0 1200.0 -0.873648 3.98683
446.0 1200.0 -0.87816 3.99035
448.0 1200.0 -0.882672 3.99387
450.0 1200.0 -0.887183 3.99739
452.0 1200.0 -0.891695 4.00091
454.0 1200.0 -0.896207 4.00443
456.0 1200.0 -0.900719 4.00795
458.0 1200.0 -0.905231 4.01146
460.0 1200.0 -0.909742 4.01498
462.0 1200.0 -0.914254 4.0185
464.0 1200.0 -0.918784 4.02229
466.0 1200.0 -0.923322 4.02622
468.0 1200.0 -0.927861 4.03014
470.0 1200.0 -0.932399 4.03406
472.0 1200.0 -0.936937 4.03798
474.0 1200.0 -0.941476 4.0419
476.0 1200.0 -0.946014 4.04583
478.0 1200.0 -0.950552 4.04975
480.0 1200.0 -0.955091 4.05367
482.0 1200.0 -0.959629 4.05759
484.0 1200.0 -0.964167 4.06151
486.0 1200.0 -0.968704 4.06573
488.0 1200.0 -0.97324 4.0701
490.0 1200.0 -0.977776 4.07448
492.0 1200.0 -0.982312 4.07885
494.0 1200.0 -0.986848 4.08322
496.0 1200.0 -0.991384 4.08759
498.0 1200.0 -0.99592 4.09196
500.0 1200.0 -1.00046 4.09633
502.0 1200.0 -1.00499 4.10071
504.0 1200.0 -1.00953 4.10508
506.0 1200.0 -1.01406 4.10945
508.0 1200.0 -1.01857 4.11414
510.0 1200.0 -1.02306 4.11901
512.0 1200.0 -1.02756 4.12388
514.0 1200.0 -1.03205 4.12876
516.0 1200.0 -1.03654 4.13363
518.0 1200.0 -1.04103 4.1385
520.0 1200.0 -1.04553 4.14337
522.0 1200.0 -1.05002 4.14824
524.0 1200.0 -1.05451 4.15311
526.0 1200.0 -1.059 4.15798
528.0 1200.0 -1.0635 4.16285
530.0 1200.0 -1.06793 4.16807
532.0 1200.0 -1.07232 4.17349
534.0 1200.0 -1.07671 4.17891
536.0 1200.0 -1.0811 4.18433
538.0 1200.0 -1.0855 4.18975
540.0 1200.0 -1.08989 4.19517
542.0 1200.0 -1.09428 4.20059
544.0 1200.0 -1.09867 4.20601
546.0 1200.0 -1.10307 4.21143
548.0 1200.0 -1.10746 4.21685
550.0 1200.0 -1.11185 4.22227
552.0 1200.0 -1.11614 4.22805
554.0 1200.0 -1.12035 4.23406
556.0 1200.0 -1.12457 4.24008
558.0 1200.0 -1.12879 4.24609
560.0 1200.0 -1.13301 4.25211
562.0 1200.0 -1.13722 4.25812
564.0 1200.0 -1.14144 4.26414
566.0 1200.0 -1.14566 4.27015
568.0 1200.0 -1.14987 4.27617
570.0 1200.0 -1.15409 4.28218
572.0 1200.0 -1.15831 4.2882
574.0 1200.0 -1.16236 4.29459
576.0 1200.0 -1.16631 4.30123
578.0 1200.0 -1.17026 4.30788
580.0 1200.0 -1.1742 4.31453
582.0 1200.0 -1.17815 4.32117
584.0 1200.0 -1.18209 4.32782
586.0 1200.0 -1.18604 4.33446
588.0 1200.0 -1.18998 4.34111
590.0 1200.0 -1.19393 4.34775
592.0 1200.0 -1.19787 4.3544
594.0 1200.0 -1.20182 4.36105
596.0 1200.0 -1.20554 4.36806
598.0 1200.0 -1.20909 4.37536
600.0 1200.0 -1.21265 4.38265
602.0 1200.0 -1.2162 4.38994
604.0 1200.0 -1.21975 4.39723
606.0 1200.0 -1.22331 4.40452
608.0 1200.0 -1.22686 4.41182
610.0 1200.0 -1.23042 4.41911
612.0 1200.0 -1.23397 4.4264
614.0 1200.0 -1.23753 4.43369
616.0 1200.0 -1.24108 4.44098
618.0 1200.0 -1.24434 4.44863
620.0 1200.0 -1.24736 4.45655
622.0 1200.0 -1.25039 4.46448
624.0 1200.0 -1.25342 4.4724
626.0 1200.0 -1.25644 4.48032
628.0 1200.0 -1.25947 4.48824
630.0 1200.0 -1.2625 4.49617
632.0 1200.0 -1.26552 4.50409
634.0 1200.0 -1.26855 4.51201
636.0 1200.0 -1.27158 4.51993
638.0 1200.0 -1.2746 4.52786
640.0 1200.0 -1.27726 4.53609
642.0 1200.0 -1.27961 4.54458
644.0 1200.0 -1.28196 4.55308
646.0 1200.0 -1.28431 4.56157
648.0 1200.0 -1.28667 4.57007
650.0 1200.0 -1.28902 4.57856
652.0 1200.0 -1.29137 4.58705
654.0 1200.0 -1.29372 4.59555
656.0 1200.0 -1.29607 4.60404
658.0 1200.0 -1.29842 4.61254
660.0 1200.0 -1.30077 4.62103
662.0 1200.0 -1.30269 4.62977
664.0 1200.0 -1.30423 4.63872
666.0 1200.0 -1.30577 4.64767
668.0 1200.0 -1.3073 4.65663
670.0 1200.0 -1.30884 4.66558
672.0 1200.0 -1.31038 4.67453
674.0 1200.0 -1.31191 4.68349
676.0 1200.0 -1.31345 4.69244
678.0 1200.0 -1.31499 4.70139
680.0 1200.0 -1.31652 4.71035
682.0 1200.0 -1.31806 4.7193
684.0 1200.0 -1.31912 4.69938
686.0 1200.0 -1.31973 4.65235
688.0 1200.0 -1.32034 4.60531
690.0 1200.0 -1.32096 4.55827
692.0 1200.0 -1.32157 4.51123
694.0 1200.0 -1.32218 4.46419
696.0 1200.0 -1.32279 4.41716
698.0 1200.0 -1.3234 4.37012
