# 
param maxline=128 current=1 gradient=1 normB=1 normE=1
cylinder Z0=3200 nR=350 nZ=1 dR=2 dZ=1
data
0.0 3200.0 0 4.33968
2.0 3200.0 0.00153489 4.33967
4.0 3200.0 0.00306979 4.33966
6.0 3200.0 0.00460468 4.33964
8.0 3200.0 0.00613957 4.33963
10.0 3200.0 0.00767447 4.33961
12.0 3200.0 0.00920936 4.3396
14.0 3200.0 0.0107443 4.33959
16.0 3200.0 0.0122791 4.33957
18.0 3200.0 0.013814 4.33956
20.0 3200.0 0.0153489 4.33954
22.0 3200.0 0.0168838 4.33953
24.0 3200.0 0.0184206 4.33949
26.0 3200.0 0.0199573 4.33944
28.0 3200.0 0.0214941 4.3394
30.0 3200.0 0.0230309 4.33936
32.0 3200.0 0.0245677 4.33932
34.0 3200.0 0.0261044 4.33928
36.0 3200.0 0.0276412 4.33923
38.0 3200.0 0.029178 4.33919
40.0 3200.0 0.0307147 4.33915
42.0 3200.0 0.0322515 4.33911
44.0 3200.0 0.0337883 4.33906
46.0 3200.0 0.0353287 4.33899
48.0 3200.0 0.0368692 4.33892
50.0 3200.0 0.0384097 4.33885
52.0 3200.0 0.0399503 4.33878
54.0 3200.0 0.0414908 4.33871
56.0 3200.0 0.0430313 4.33864
58.0 3200.0 0.0445719 4.33857
60.0 3200.0 0.0461124 4.3385
62.0 3200.0 0.0476529 4.33843
64.0 3200.0 0.0491934 4.33836
66.0 3200.0 0.050734 4.33828
68.0 3200.0 0.0522799 4.33819
70.0 3200.0 0.053826 4.33809
72.0 3200.0 0.0553722 4.33799
74.0 3200.0 0.0569184 4.33788
76.0 3200.0 0.0584645 4.33778
78.0 3200.0 0.0600107 4.33768
80.0 3200.0 0.0615569 4.33758
82.0 3200.0 0.0631031 4.33748
84.0 3200.0 0.0646492 4.33738
86.0 3200.0 0.0661954 4.33728
88.0 3200.0 0.0677416 4.33718
90.0 3200.0 0.0692948 4.33705
92.0 3200.0 0.0708485 4.33692
94.0 3200.0 0.0724022 4.33679
96.0 3200.0 0.0739559 4.33666
98.0 3200.0 0.0755097 4.33653
100.0 3200.0 0.0770634 4.3364
102.0 3200.0 0.0786171 4.33627
104.0 3200.0 0.0801708 4.33614
106.0 3200.0 0.0817245 4.33601
108.0 3200.0 0.0832782 4.33587
110.0 3200.0 0.0848319 4.33574
112.0 3200.0 0.0863944 4.33558
114.0 3200.0 0.0879575 4.33542
116.0 3200.0 0.0895207 4.33526
118.0 3200.0 0.0910838 4.3351
120.0 3200.0 0.092647 4.33493
122.0 3200.0 0.0942101 4.33477
124.0 3200.0 0.0957733 4.33461
126.0 3200.0 0.0973365 4.33444
128.0 3200.0 0.0988996 4.33428
130.0 3200.0 0.100463 4.33412
132.0 3200.0 0.102026 4.33395
134.0 3200.0 0.103599 4.33376
136.0 3200.0 0.105174 4.33356
138.0 3200.0 0.106748 4.33337
140.0 3200.0 0.108323 4.33317
142.0 3200.0 0.109897 4.33297
144.0 3200.0 0.111472 4.33278
146.0 3200.0 0.113047 4.33258
148.0 3200.0 0.114621 4.33239
150.0 3200.0 0.116196 4.33219
152.0 3200.0 0.11777 4.33199
154.0 3200.0 0.119345 4.3318
156.0 3200.0 0.120931 4.33157
158.0 3200.0 0.122519 4.33133
160.0 3200.0 0.124107 4.3311
162.0 3200.0 0.125694 4.33087
164.0 3200.0 0.127282 4.33064
166.0 3200.0 0.12887 4.3304
168.0 3200.0 0.130458 4.33017
170.0 3200.0 0.132046 4.32994
172.0 3200.0 0.133633 4.32971
174.0 3200.0 0.135221 4.32947
176.0 3200.0 0.136809 4.32924
178.0 3200.0 0.13841 4.32897
180.0 3200.0 0.140013 4.3287
182.0 3200.0 0.141616 4.32843
184.0 3200.0 0.143219 4.32816
186.0 3200.0 0.144822 4.32789
188.0 3200.0 0.146425 4.32762
190.0 3200.0 0.148028 4.32735
192.0 3200.0 0.149631 4.32708
194.0 3200.0 0.151234 4.3268
196.0 3200.0 0.152837 4.32653
198.0 3200.0 0.15444 4.32626
200.0 3200.0 0.156058 4.32595
202.0 3200.0 0.157678 4.32564
204.0 3200.0 0.159298 4.32533
206.0 3200.0 0.160918 4.32502
208.0 3200.0 0.162538 4.3247
210.0 3200.0 0.164159 4.32439
212.0 3200.0 0.165779 4.32408
214.0 3200.0 0.167399 4.32376
216.0 3200.0 0.169019 4.32345
218.0 3200.0 0.170639 4.32314
220.0 3200.0 0.172259 4.32282
222.0 3200.0 0.173895 4.32247
224.0 3200.0 0.175534 4.32212
226.0 3200.0 0.177173 4.32176
228.0 3200.0 0.178813 4.3214
230.0 3200.0 0.180452 4.32104
232.0 3200.0 0.182091 4.32068
234.0 3200.0 0.18373 4.32032
236.0 3200.0 0.185369 4.31996
238.0 3200.0 0.187008 4.31961
240.0 3200.0 0.188647 4.31925
242.0 3200.0 0.190286 4.31889
244.0 3200.0 0.191942 4.31849
246.0 3200.0 0.193602 4.31808
248.0 3200.0 0.195262 4.31767
250.0 3200.0 0.196922 4.31727
252.0 3200.0 0.198582 4.31686
254.0 3200.0 0.200242 4.31645
256.0 3200.0 0.201902 4.31604
258.0 3200.0 0.203562 4.31563
260.0 3200.0 0.205222 4.31522
262.0 3200.0 0.206881 4.31482
264.0 3200.0 0.208541 4.31441
266.0 3200.0 0.210219 4.31396
268.0 3200.0 0.211902 4.31349
270.0 3200.0 0.213584 4.31303
272.0 3200.0 0.215267 4.31257
274.0 3200.0 0.216949 4.3121
276.0 3200.0 0.218631 4.31164
278.0 3200.0 0.220314 4.31118
280.0 3200.0 0.221996 4.31071
282.0 3200.0 0.223678 4.31025
284.0 3200.0 0.225361 4.30979
286.0 3200.0 0.227043 4.30932
288.0 3200.0 0.228745 4.30881
290.0 3200.0 0.230451 4.30829
292.0 3200.0 0.232157 4.30777
294.0 3200.0 0.233864 4.30724
296.0 3200.0 0.23557 4.30672
298.0 3200.0 0.237276 4.30619
300.0 3200.0 0.238983 4.30567
302.0 3200.0 0.240689 4.30515
304.0 3200.0 0.242396 4.30462
306.0 3200.0 0.244102 4.3041
308.0 3200.0 0.245808 4.30358
310.0 3200.0 0.247534 4.303
312.0 3200.0 0.249266 4.30241
314.0 3200.0 0.250998 4.30182
316.0 3200.0 0.252729 4.30123
318.0 3200.0 0.254461 4.30064
320.0 3200.0 0.256193 4.30004
322.0 3200.0 0.257924 4.29945
324.0 3200.0 0.259656 4.29886
326.0 3200.0 0.261387 4.29827
328.0 3200.0 0.263119 4.29768
330.0 3200.0 0.264851 4.29709
332.0 3200.0 0.266602 4.29644
334.0 3200.0 0.26836 4.29577
336.0 3200.0 0.270118 4.29511
338.0 3200.0 0.271876 4.29444
340.0 3200.0 0.273634 4.29377
342.0 3200.0 0.275392 4.29311
344.0 3200.0 0.277149 4.29244
346.0 3200.0 0.278907 4.29177
348.0 3200.0 0.280665 4.29111
350.0 3200.0 0.282423 4.29044
352.0 3200.0 0.284181 4.28977
354.0 3200.0 0.285958 4.28904
356.0 3200.0 0.287743 4.28829
358.0 3200.0 0.289527 4.28754
360.0 3200.0 0.291311 4.28679
362.0 3200.0 0.293096 4.28604
364.0 3200.0 0.29488 4.28529
366.0 3200.0 0.296664 4.28454
368.0 3200.0 0.298449 4.28379
370.0 3200.0 0.300233 4.28304
372.0 3200.0 0.302017 4.28229
374.0 3200.0 0.303802 4.28153
376.0 3200.0 0.305605 4.28071
378.0 3200.0 0.307415 4.27987
380.0 3200.0 0.309226 4.27902
382.0 3200.0 0.311036 4.27818
384.0 3200.0 0.312847 4.27733
386.0 3200.0 0.314657 4.27649
388.0 3200.0 0.316467 4.27564
390.0 3200.0 0.318278 4.27479
392.0 3200.0 0.320088 4.27395
394.0 3200.0 0.321899 4.2731
396.0 3200.0 0.323709 4.27226
398.0 3200.0 0.325537 4.27133
400.0 3200.0 0.327372 4.27038
402.0 3200.0 0.329207 4.26943
404.0 3200.0 0.331042 4.26848
406.0 3200.0 0.332877 4.26752
408.0 3200.0 0.334712 4.26657
410.0 3200.0 0.336547 4.26562
412.0 3200.0 0.338382 4.26466
414.0 3200.0 0.340217 4.26371
416.0 3200.0 0.342052 4.26276
418.0 3200.0 0.343887 4.26181
420.0 3200.0 0.345737 4.26077
422.0 3200.0 0.347593 4.2597
424.0 3200.0 0.34945 4.25862
426.0 3200.0 0.351306 4.25755
428.0 3200.0 0.353163 4.25648
430.0 3200.0 0.355019 4.2554
432.0 3200.0 0.356876 4.25433
434.0 3200.0 0.358732 4.25326
436.0 3200.0 0.360589 4.25218
438.0 3200.0 0.362446 4.25111
440.0 3200.0 0.364302 4.25004
442.0 3200.0 0.36617 4.24887
444.0 3200.0 0.368043 4.24766
446.0 3200.0 0.369916 4.24645
448.0 3200.0 0.371789 4.24524
450.0 3200.0 0.373662 4.24403
452.0 3200.0 0.375535 4.24282
454.0 3200.0 0.377408 4.24161
456.0 3200.0 0.379281 4.24041
458.0 3200.0 0.381154 4.2392
460.0 3200.0 0.383027 4.23799
462.0 3200.0 0.384899 4.23678
464.0 3200.0 0.386778 4.23547
466.0 3200.0 0.38866 4.2341
468.0 3200.0 0.390541 4.23274
470.0 3200.0 0.392423 4.23138
472.0 3200.0 0.394304 4.23001
474.0 3200.0 0.396186 4.22865
476.0 3200.0 0.398067 4.22729
478.0 3200.0 0.399949 4.22593
480.0 3200.0 0.401831 4.22456
482.0 3200.0 0.403712 4.2232
484.0 3200.0 0.405594 4.22184
486.0 3200.0 0.407473 4.22036
488.0 3200.0 0.409352 4.21883
490.0 3200.0 0.41123 4.21729
492.0 3200.0 0.413109 4.21576
494.0 3200.0 0.414987 4.21422
496.0 3200.0 0.416866 4.21269
498.0 3200.0 0.418744 4.21115
500.0 3200.0 0.420623 4.20962
502.0 3200.0 0.422501 4.20808
504.0 3200.0 0.42438 4.20655
506.0 3200.0 0.426258 4.20501
508.0 3200.0 0.428124 4.20335
510.0 3200.0 0.429983 4.20163
512.0 3200.0 0.431842 4.1999
514.0 3200.0 0.433701 4.19817
516.0 3200.0 0.43556 4.19645
518.0 3200.0 0.437419 4.19472
520.0 3200.0 0.439278 4.19299
522.0 3200.0 0.441137 4.19126
524.0 3200.0 0.442997 4.18954
526.0 3200.0 0.444856 4.18781
528.0 3200.0 0.446715 4.18608
530.0 3200.0 0.448547 4.18422
532.0 3200.0 0.450364 4.18228
534.0 3200.0 0.452181 4.18034
536.0 3200.0 0.453998 4.1784
538.0 3200.0 0.455815 4.17646
540.0 3200.0 0.457632 4.17452
542.0 3200.0 0.459449 4.17258
544.0 3200.0 0.461266 4.17064
546.0 3200.0 0.463082 4.1687
548.0 3200.0 0.464899 4.16676
550.0 3200.0 0.466716 4.16482
552.0 3200.0 0.468489 4.16274
554.0 3200.0 0.470234 4.16057
556.0 3200.0 0.471978 4.1584
558.0 3200.0 0.473723 4.15623
560.0 3200.0 0.475468 4.15406
562.0 3200.0 0.477212 4.15189
564.0 3200.0 0.478957 4.14972
566.0 3200.0 0.480702 4.14754
568.0 3200.0 0.482446 4.14537
570.0 3200.0 0.484191 4.1432
572.0 3200.0 0.485936 4.14103
574.0 3200.0 0.487614 4.13871
576.0 3200.0 0.489248 4.1363
578.0 3200.0 0.490882 4.13388
580.0 3200.0 0.492515 4.13146
582.0 3200.0 0.494149 4.12905
584.0 3200.0 0.495783 4.12663
586.0 3200.0 0.497416 4.12421
588.0 3200.0 0.49905 4.1218
590.0 3200.0 0.500684 4.11938
592.0 3200.0 0.502317 4.11696
594.0 3200.0 0.503951 4.11455
596.0 3200.0 0.505493 4.11198
598.0 3200.0 0.506968 4.10931
600.0 3200.0 0.508444 4.10664
602.0 3200.0 0.509919 4.10397
604.0 3200.0 0.511394 4.1013
606.0 3200.0 0.512869 4.09864
608.0 3200.0 0.514344 4.09597
610.0 3200.0 0.515819 4.0933
612.0 3200.0 0.517295 4.09063
614.0 3200.0 0.51877 4.08796
616.0 3200.0 0.520245 4.08529
618.0 3200.0 0.5216 4.08248
620.0 3200.0 0.522862 4.07956
622.0 3200.0 0.524123 4.07665
624.0 3200.0 0.525385 4.07373
626.0 3200.0 0.526647 4.07082
628.0 3200.0 0.527908 4.0679
630.0 3200.0 0.52917 4.06499
632.0 3200.0 0.530432 4.06207
634.0 3200.0 0.531693 4.05915
636.0 3200.0 0.532955 4.05624
638.0 3200.0 0.534217 4.05332
640.0 3200.0 0.535329 4.05028
642.0 3200.0 0.536319 4.04715
644.0 3200.0 0.537308 4.04401
646.0 3200.0 0.538297 4.04087
648.0 3200.0 0.539287 4.03773
650.0 3200.0 0.540276 4.03459
652.0 3200.0 0.541265 4.03145
654.0 3200.0 0.542255 4.02831
656.0 3200.0 0.543244 4.02517
658.0 3200.0 0.544233 4.02203
660.0 3200.0 0.545223 4.01889
662.0 3200.0 0.546038 4.01566
664.0 3200.0 0.546699 4.01234
666.0 3200.0 0.54736 4.00903
668.0 3200.0 0.548021 4.00571
670.0 3200.0 0.548682 4.00239
672.0 3200.0 0.549343 3.99907
674.0 3200.0 0.550004 3.99576
676.0 3200.0 0.550665 3.99244
678.0 3200.0 0.551326 3.98912
680.0 3200.0 0.551987 3.9858
682.0 3200.0 0.552648 3.98248
684.0 3200.0 0.553117 3.9617
686.0 3200.0 0.553405 3.92449
688.0 3200.0 0.553694 3.88729
690.0 3200.0 0.553982 3.85009
692.0 3200.0 0.55427 3.81289
694.0 3200.0 0.554559 3.77569
696.0 3200.0 0.554847 3.73848
698.0 3200.0 0.555136 3.70128
