# 
param maxline=128 current=1 gradient=1 normB=1 normE=1
cylinder Z0=4000 nR=350 nZ=1 dR=2 dZ=1
data
0.0 4000.0 0 3.04699
2.0 4000.0 0.000808815 3.04699
4.0 4000.0 0.00161763 3.04699
6.0 4000.0 0.00242645 3.04699
8.0 4000.0 0.00323526 3.04699
10.0 4000.0 0.00404408 3.047
12.0 4000.0 0.00485289 3.047
14.0 4000.0 0.00566171 3.047
16.0 4000.0 0.00647052 3.047
18.0 4000.0 0.00727934 3.047
20.0 4000.0 0.00808815 3.047
22.0 4000.0 0.00889697 3.047
24.0 4000.0 0.00970442 3.047
26.0 4000.0 0.0105118 3.04701
28.0 4000.0 0.0113193 3.04701
30.0 4000.0 0.0121267 3.04701
32.0 4000.0 0.0129341 3.04701
34.0 4000.0 0.0137416 3.04701
36.0 4000.0 0.014549 3.04702
38.0 4000.0 0.0153564 3.04702
40.0 4000.0 0.0161639 3.04702
42.0 4000.0 0.0169713 3.04702
44.0 4000.0 0.0177787 3.04703
46.0 4000.0 0.0185835 3.04703
48.0 4000.0 0.0193881 3.04704
50.0 4000.0 0.0201928 3.04704
52.0 4000.0 0.0209975 3.04704
54.0 4000.0 0.0218021 3.04705
56.0 4000.0 0.0226068 3.04705
58.0 4000.0 0.0234115 3.04706
60.0 4000.0 0.0242161 3.04706
62.0 4000.0 0.0250208 3.04706
64.0 4000.0 0.0258254 3.04707
66.0 4000.0 0.0266301 3.04707
68.0 4000.0 0.0274308 3.04708
70.0 4000.0 0.0282313 3.04708
72.0 4000.0 0.0290319 3.04709
74.0 4000.0 0.0298324 3.0471
76.0 4000.0 0.0306329 3.0471
78.0 4000.0 0.0314334 3.04711
80.0 4000.0 0.0322339 3.04711
82.0 4000.0 0.0330344 3.04712
84.0 4000.0 0.033835 3.04712
86.0 4000.0 0.0346355 3.04713
88.0 4000.0 0.035436 3.04714
90.0 4000.0 0.0362313 3.04714
92.0 4000.0 0.0370263 3.04715
94.0 4000.0 0.0378213 3.04716
96.0 4000.0 0.0386163 3.04716
98.0 4000.0 0.0394113 3.04717
100.0 4000.0 0.0402063 3.04718
102.0 4000.0 0.0410013 3.04719
104.0 4000.0 0.0417963 3.04719
106.0 4000.0 0.0425913 3.0472
108.0 4000.0 0.0433863 3.04721
110.0 4000.0 0.0441813 3.04722
112.0 4000.0 0.04497 3.04723
114.0 4000.0 0.0457581 3.04723
116.0 4000.0 0.0465462 3.04724
118.0 4000.0 0.0473343 3.04725
120.0 4000.0 0.0481225 3.04726
122.0 4000.0 0.0489106 3.04727
124.0 4000.0 0.0496987 3.04728
126.0 4000.0 0.0504868 3.04729
128.0 4000.0 0.0512749 3.0473
130.0 4000.0 0.0520631 3.04731
132.0 4000.0 0.0528512 3.04732
134.0 4000.0 0.0536318 3.04733
136.0 4000.0 0.0544117 3.04734
138.0 4000.0 0.0551916 3.04735
140.0 4000.0 0.0559715 3.04736
142.0 4000.0 0.0567514 3.04737
144.0 4000.0 0.0575313 3.04738
146.0 4000.0 0.0583112 3.04739
148.0 4000.0 0.059091 3.0474
150.0 4000.0 0.0598709 3.04741
152.0 4000.0 0.0606508 3.04742
154.0 4000.0 0.0614307 3.04743
156.0 4000.0 0.0622021 3.04744
158.0 4000.0 0.0629724 3.04746
160.0 4000.0 0.0637427 3.04747
162.0 4000.0 0.064513 3.04748
164.0 4000.0 0.0652833 3.04749
166.0 4000.0 0.0660536 3.04751
168.0 4000.0 0.0668239 3.04752
170.0 4000.0 0.0675943 3.04753
172.0 4000.0 0.0683646 3.04754
174.0 4000.0 0.0691349 3.04755
176.0 4000.0 0.0699052 3.04757
178.0 4000.0 0.070666 3.04758
180.0 4000.0 0.0714254 3.04759
182.0 4000.0 0.0721848 3.04761
184.0 4000.0 0.0729442 3.04762
186.0 4000.0 0.0737037 3.04764
188.0 4000.0 0.0744631 3.04765
190.0 4000.0 0.0752225 3.04766
192.0 4000.0 0.0759819 3.04768
194.0 4000.0 0.0767413 3.04769
196.0 4000.0 0.0775008 3.0477
198.0 4000.0 0.0782602 3.04772
200.0 4000.0 0.0790091 3.04773
202.0 4000.0 0.0797563 3.04775
204.0 4000.0 0.0805036 3.04776
206.0 4000.0 0.0812508 3.04778
208.0 4000.0 0.081998 3.0478
210.0 4000.0 0.0827452 3.04781
212.0 4000.0 0.0834925 3.04783
214.0 4000.0 0.0842397 3.04784
216.0 4000.0 0.0849869 3.04786
218.0 4000.0 0.0857342 3.04787
220.0 4000.0 0.0864814 3.04789
222.0 4000.0 0.0872172 3.0479
224.0 4000.0 0.087951 3.04792
226.0 4000.0 0.0886847 3.04794
228.0 4000.0 0.0894185 3.04796
230.0 4000.0 0.0901522 3.04797
232.0 4000.0 0.090886 3.04799
234.0 4000.0 0.0916197 3.04801
236.0 4000.0 0.0923535 3.04802
238.0 4000.0 0.0930872 3.04804
240.0 4000.0 0.093821 3.04806
242.0 4000.0 0.0945547 3.04807
244.0 4000.0 0.0952763 3.04809
246.0 4000.0 0.0959953 3.04811
248.0 4000.0 0.0967143 3.04813
250.0 4000.0 0.0974334 3.04815
252.0 4000.0 0.0981524 3.04817
254.0 4000.0 0.0988714 3.04818
256.0 4000.0 0.0995904 3.0482
258.0 4000.0 0.100309 3.04822
260.0 4000.0 0.101028 3.04824
262.0 4000.0 0.101747 3.04826
264.0 4000.0 0.102467 3.04828
266.0 4000.0 0.103173 3.0483
268.0 4000.0 0.103876 3.04832
270.0 4000.0 0.104579 3.04834
272.0 4000.0 0.105282 3.04836
274.0 4000.0 0.105985 3.04838
276.0 4000.0 0.106688 3.0484
278.0 4000.0 0.107391 3.04842
280.0 4000.0 0.108094 3.04844
282.0 4000.0 0.108797 3.04846
284.0 4000.0 0.1095 3.04848
286.0 4000.0 0.110203 3.0485
288.0 4000.0 0.110893 3.04852
290.0 4000.0 0.111579 3.04854
292.0 4000.0 0.112265 3.04856
294.0 4000.0 0.112951 3.04858
296.0 4000.0 0.113636 3.0486
298.0 4000.0 0.114322 3.04863
300.0 4000.0 0.115008 3.04865
302.0 4000.0 0.115694 3.04867
304.0 4000.0 0.11638 3.04869
306.0 4000.0 0.117066 3.04871
308.0 4000.0 0.117752 3.04873
310.0 4000.0 0.118424 3.04876
312.0 4000.0 0.119091 3.04878
314.0 4000.0 0.119759 3.0488
316.0 4000.0 0.120427 3.04883
318.0 4000.0 0.121094 3.04885
320.0 4000.0 0.121762 3.04887
322.0 4000.0 0.12243 3.04889
324.0 4000.0 0.123097 3.04892
326.0 4000.0 0.123765 3.04894
328.0 4000.0 0.124433 3.04896
330.0 4000.0 0.1251 3.04899
332.0 4000.0 0.125753 3.04901
334.0 4000.0 0.126401 3.04903
336.0 4000.0 0.12705 3.04906
338.0 4000.0 0.127698 3.04908
340.0 4000.0 0.128346 3.04911
342.0 4000.0 0.128994 3.04913
344.0 4000.0 0.129643 3.04916
346.0 4000.0 0.130291 3.04918
348.0 4000.0 0.130939 3.04921
350.0 4000.0 0.131587 3.04923
352.0 4000.0 0.132236 3.04925
354.0 4000.0 0.132869 3.04928
356.0 4000.0 0.133496 3.04931
358.0 4000.0 0.134124 3.04933
360.0 4000.0 0.134752 3.04936
362.0 4000.0 0.13538 3.04938
364.0 4000.0 0.136008 3.04941
366.0 4000.0 0.136635 3.04944
368.0 4000.0 0.137263 3.04946
370.0 4000.0 0.137891 3.04949
372.0 4000.0 0.138519 3.04951
374.0 4000.0 0.139147 3.04954
376.0 4000.0 0.139759 3.04957
378.0 4000.0 0.140365 3.04959
380.0 4000.0 0.140972 3.04962
382.0 4000.0 0.141578 3.04965
384.0 4000.0 0.142184 3.04967
386.0 4000.0 0.142791 3.0497
388.0 4000.0 0.143397 3.04973
390.0 4000.0 0.144003 3.04976
392.0 4000.0 0.14461 3.04978
394.0 4000.0 0.145216 3.04981
396.0 4000.0 0.145822 3.04984
398.0 4000.0 0.146413 3.04987
400.0 4000.0 0.146997 3.04989
402.0 4000.0 0.147581 3.04992
404.0 4000.0 0.148165 3.04995
406.0 4000.0 0.148749 3.04998
408.0 4000.0 0.149332 3.05001
410.0 4000.0 0.149916 3.05004
412.0 4000.0 0.1505 3.05007
414.0 4000.0 0.151084 3.0501
416.0 4000.0 0.151668 3.05012
418.0 4000.0 0.152252 3.05015
420.0 4000.0 0.15282 3.05018
422.0 4000.0 0.153381 3.05021
424.0 4000.0 0.153941 3.05024
426.0 4000.0 0.154502 3.05027
428.0 4000.0 0.155063 3.0503
430.0 4000.0 0.155623 3.05033
432.0 4000.0 0.156184 3.05036
434.0 4000.0 0.156745 3.05039
436.0 4000.0 0.157305 3.05042
438.0 4000.0 0.157866 3.05045
440.0 4000.0 0.158427 3.05048
442.0 4000.0 0.158971 3.05051
444.0 4000.0 0.159507 3.05054
446.0 4000.0 0.160044 3.05058
448.0 4000.0 0.160581 3.05061
450.0 4000.0 0.161117 3.05064
452.0 4000.0 0.161654 3.05067
454.0 4000.0 0.16219 3.0507
456.0 4000.0 0.162727 3.05073
458.0 4000.0 0.163263 3.05076
460.0 4000.0 0.1638 3.05079
462.0 4000.0 0.164337 3.05083
464.0 4000.0 0.164857 3.05086
466.0 4000.0 0.165368 3.05089
468.0 4000.0 0.16588 3.05092
470.0 4000.0 0.166392 3.05096
472.0 4000.0 0.166903 3.05099
474.0 4000.0 0.167415 3.05102
476.0 4000.0 0.167927 3.05105
478.0 4000.0 0.168439 3.05108
480.0 4000.0 0.16895 3.05112
482.0 4000.0 0.169462 3.05115
484.0 4000.0 0.169974 3.05118
486.0 4000.0 0.170469 3.05122
488.0 4000.0 0.170955 3.05125
490.0 4000.0 0.171441 3.05128
492.0 4000.0 0.171928 3.05132
494.0 4000.0 0.172414 3.05135
496.0 4000.0 0.1729 3.05138
498.0 4000.0 0.173386 3.05142
500.0 4000.0 0.173872 3.05145
502.0 4000.0 0.174359 3.05149
504.0 4000.0 0.174845 3.05152
506.0 4000.0 0.175331 3.05155
508.0 4000.0 0.175801 3.05159
510.0 4000.0 0.176261 3.05162
512.0 4000.0 0.176721 3.05166
514.0 4000.0 0.177181 3.05169
516.0 4000.0 0.177641 3.05173
518.0 4000.0 0.178101 3.05176
520.0 4000.0 0.178561 3.0518
522.0 4000.0 0.179022 3.05183
524.0 4000.0 0.179482 3.05187
526.0 4000.0 0.179942 3.0519
528.0 4000.0 0.180402 3.05194
530.0 4000.0 0.180846 3.05197
532.0 4000.0 0.181279 3.05201
534.0 4000.0 0.181713 3.05205
536.0 4000.0 0.182146 3.05208
538.0 4000.0 0.18258 3.05212
540.0 4000.0 0.183013 3.05215
542.0 4000.0 0.183447 3.05219
544.0 4000.0 0.18388 3.05223
546.0 4000.0 0.184314 3.05226
548.0 4000.0 0.184747 3.0523
550.0 4000.0 0.185181 3.05234
552.0 4000.0 0.185598 3.05237
554.0 4000.0 0.186004 3.05241
556.0 4000.0 0.186411 3.05245
558.0 4000.0 0.186818 3.05248
560.0 4000.0 0.187224 3.05252
562.0 4000.0 0.187631 3.05256
564.0 4000.0 0.188037 3.0526
566.0 4000.0 0.188444 3.05263
568.0 4000.0 0.18885 3.05267
570.0 4000.0 0.189257 3.05271
572.0 4000.0 0.189663 3.05274
574.0 4000.0 0.190053 3.05278
576.0 4000.0 0.190433 3.05282
578.0 4000.0 0.190812 3.05286
580.0 4000.0 0.191191 3.0529
582.0 4000.0 0.19157 3.05294
584.0 4000.0 0.191949 3.05297
586.0 4000.0 0.192329 3.05301
588.0 4000.0 0.192708 3.05305
590.0 4000.0 0.193087 3.05309
592.0 4000.0 0.193466 3.05313
594.0 4000.0 0.193845 3.05317
596.0 4000.0 0.194209 3.0532
598.0 4000.0 0.19456 3.05324
600.0 4000.0 0.194912 3.05328
602.0 4000.0 0.195264 3.05332
604.0 4000.0 0.195615 3.05336
606.0 4000.0 0.195967 3.0534
608.0 4000.0 0.196318 3.05344
610.0 4000.0 0.19667 3.05348
612.0 4000.0 0.197022 3.05352
614.0 4000.0 0.197373 3.05356
616.0 4000.0 0.197725 3.0536
618.0 4000.0 0.198061 3.05364
620.0 4000.0 0.198385 3.05368
622.0 4000.0 0.198709 3.05372
624.0 4000.0 0.199033 3.05376
626.0 4000.0 0.199357 3.0538
628.0 4000.0 0.199681 3.05384
630.0 4000.0 0.200005 3.05388
632.0 4000.0 0.200329 3.05392
634.0 4000.0 0.200653 3.05396
636.0 4000.0 0.200976 3.054
638.0 4000.0 0.2013 3.05404
640.0 4000.0 0.201609 3.05408
642.0 4000.0 0.201905 3.05413
644.0 4000.0 0.202202 3.05417
646.0 4000.0 0.202498 3.05421
648.0 4000.0 0.202794 3.05425
650.0 4000.0 0.20309 3.05429
652.0 4000.0 0.203386 3.05433
654.0 4000.0 0.203683 3.05437
656.0 4000.0 0.203979 3.05441
658.0 4000.0 0.204275 3.05446
660.0 4000.0 0.204571 3.0545
662.0 4000.0 0.204853 3.05454
664.0 4000.0 0.205121 3.05458
666.0 4000.0 0.20539 3.05462
668.0 4000.0 0.205658 3.05467
670.0 4000.0 0.205927 3.05471
672.0 4000.0 0.206195 3.05475
674.0 4000.0 0.206464 3.05479
676.0 4000.0 0.206732 3.05484
678.0 4000.0 0.207001 3.05488
680.0 4000.0 0.207269 3.05492
682.0 4000.0 0.207538 3.05496
684.0 4000.0 0.207792 3.0403
686.0 4000.0 0.208033 3.01182
688.0 4000.0 0.208274 2.98335
690.0 4000.0 0.208515 2.95487
692.0 4000.0 0.208756 2.92639
694.0 4000.0 0.208997 2.89792
696.0 4000.0 0.209238 2.86944
698.0 4000.0 0.209479 2.84097
