# 
param maxline=128 current=1 gradient=1 normB=1 normE=1
cylinder Z0=1200 nR=350 nZ=1 dR=2 dZ=1
data
0.0 1200.0 0 3.78597
2.0 1200.0 -0.00370713 3.78601
4.0 1200.0 -0.00741426 3.78606
6.0 1200.0 -0.0111214 3.78611
8.0 1200.0 -0.0148285 3.78615
10.0 1200.0 -0.0185356 3.7862
12.0 1200.0 -0.0222428 3.78625
14.0 1200.0 -0.0259499 3.78629
16.0 1200.0 -0.029657 3.78634
18.0 1200.0 -0.0333642 3.78639
20.0 1200.0 -0.0370713 3.78643
22.0 1200.0 -0.0407784 3.78648
24.0 1200.0 -0.0444904 3.78662
26.0 1200.0 -0.0482024 3.78676
28.0 1200.0 -0.0519144 3.7869
30.0 1200.0 -0.0556264 3.78704
32.0 1200.0 -0.0593385 3.78718
34.0 1200.0 -0.0630505 3.78732
36.0 1200.0 -0.0667625 3.78746
38.0 1200.0 -0.0704745 3.7876
40.0 1200.0 -0.0741866 3.78774
42.0 1200.0 -0.0778986 3.78788
44.0 1200.0 -0.0816106 3.78802
46.0 1200.0 -0.0853321 3.78825
48.0 1200.0 -0.0890539 3.78849
50.0 1200.0 -0.0927757 3.78872
52.0 1200.0 -0.0964975 3.78896
54.0 1200.0 -0.100219 3.78919
56.0 1200.0 -0.103941 3.78943
58.0 1200.0 -0.107663 3.78966
60.0 1200.0 -0.111385 3.7899
62.0 1200.0 -0.115107 3.79014
64.0 1200.0 -0.118828 3.79037
66.0 1200.0 -0.12255 3.79061
68.0 1200.0 -0.126286 3.79093
70.0 1200.0 -0.130023 3.79126
72.0 1200.0 -0.133759 3.7916
74.0 1200.0 -0.137496 3.79193
76.0 1200.0 -0.141232 3.79226
78.0 1200.0 -0.144969 3.79259
80.0 1200.0 -0.148705 3.79292
82.0 1200.0 -0.152442 3.79326
84.0 1200.0 -0.156178 3.79359
86.0 1200.0 -0.159915 3.79392
88.0 1200.0 -0.163651 3.79425
90.0 1200.0 -0.167406 3.79468
92.0 1200.0 -0.171162 3.79511
94.0 1200.0 -0.174919 3.79554
96.0 1200.0 -0.178675 3.79597
98.0 1200.0 -0.182431 3.7964
100.0 1200.0 -0.186187 3.79683
102.0 1200.0 -0.189943 3.79726
104.0 1200.0 -0.193699 3.79769
106.0 1200.0 -0.197456 3.79812
108.0 1200.0 -0.201212 3.79856
110.0 1200.0 -0.204968 3.79899
112.0 1200.0 -0.208747 3.79951
114.0 1200.0 -0.212528 3.80005
116.0 1200.0 -0.216308 3.80058
118.0 1200.0 -0.220089 3.80111
120.0 1200.0 -0.22387 3.80165
122.0 1200.0 -0.227651 3.80218
124.0 1200.0 -0.231431 3.80272
126.0 1200.0 -0.235212 3.80325
128.0 1200.0 -0.238993 3.80378
130.0 1200.0 -0.242774 3.80432
132.0 1200.0 -0.246554 3.80485
134.0 1200.0 -0.250362 3.80548
136.0 1200.0 -0.254172 3.80612
138.0 1200.0 -0.257983 3.80676
140.0 1200.0 -0.261793 3.8074
142.0 1200.0 -0.265604 3.80804
144.0 1200.0 -0.269414 3.80868
146.0 1200.0 -0.273224 3.80933
148.0 1200.0 -0.277035 3.80997
150.0 1200.0 -0.280845 3.81061
152.0 1200.0 -0.284655 3.81125
154.0 1200.0 -0.288466 3.81189
156.0 1200.0 -0.292307 3.81263
158.0 1200.0 -0.296152 3.81338
160.0 1200.0 -0.299997 3.81414
162.0 1200.0 -0.303842 3.81489
164.0 1200.0 -0.307687 3.81564
166.0 1200.0 -0.311532 3.8164
168.0 1200.0 -0.315377 3.81715
170.0 1200.0 -0.319222 3.8179
172.0 1200.0 -0.323066 3.81865
174.0 1200.0 -0.326911 3.81941
176.0 1200.0 -0.330756 3.82016
178.0 1200.0 -0.334636 3.82102
180.0 1200.0 -0.33852 3.82189
182.0 1200.0 -0.342405 3.82276
184.0 1200.0 -0.346289 3.82363
186.0 1200.0 -0.350174 3.82451
188.0 1200.0 -0.354058 3.82538
190.0 1200.0 -0.357943 3.82625
192.0 1200.0 -0.361828 3.82712
194.0 1200.0 -0.365712 3.82799
196.0 1200.0 -0.369597 3.82886
198.0 1200.0 -0.373481 3.82974
200.0 1200.0 -0.377404 3.83072
202.0 1200.0 -0.381333 3.83172
204.0 1200.0 -0.385262 3.83271
206.0 1200.0 -0.389191 3.83371
208.0 1200.0 -0.39312 3.83471
210.0 1200.0 -0.397049 3.83571
212.0 1200.0 -0.400978 3.83671
214.0 1200.0 -0.404907 3.8377
216.0 1200.0 -0.408836 3.8387
218.0 1200.0 -0.412765 3.8397
220.0 1200.0 -0.416694 3.8407
222.0 1200.0 -0.420665 3.84181
224.0 1200.0 -0.424643 3.84295
226.0 1200.0 -0.428622 3.84408
228.0 1200.0 -0.4326 3.84521
230.0 1200.0 -0.436578 3.84635
232.0 1200.0 -0.440557 3.84748
234.0 1200.0 -0.444535 3.84861
236.0 1200.0 -0.448513 3.84975
238.0 1200.0 -0.452492 3.85088
240.0 1200.0 -0.45647 3.85201
242.0 1200.0 -0.460449 3.85315
244.0 1200.0 -0.464472 3.8544
246.0 1200.0 -0.468504 3.85568
248.0 1200.0 -0.472537 3.85696
250.0 1200.0 -0.476569 3.85824
252.0 1200.0 -0.480602 3.85952
254.0 1200.0 -0.484634 3.8608
256.0 1200.0 -0.488666 3.86208
258.0 1200.0 -0.492699 3.86336
260.0 1200.0 -0.496731 3.86464
262.0 1200.0 -0.500764 3.86592
264.0 1200.0 -0.504796 3.8672
266.0 1200.0 -0.508876 3.8686
268.0 1200.0 -0.512967 3.87004
270.0 1200.0 -0.517058 3.87148
272.0 1200.0 -0.521149 3.87292
274.0 1200.0 -0.52524 3.87435
276.0 1200.0 -0.529331 3.87579
278.0 1200.0 -0.533421 3.87723
280.0 1200.0 -0.537512 3.87867
282.0 1200.0 -0.541603 3.8801
284.0 1200.0 -0.545694 3.88154
286.0 1200.0 -0.549785 3.88298
288.0 1200.0 -0.553926 3.88455
290.0 1200.0 -0.558079 3.88616
292.0 1200.0 -0.562232 3.88777
294.0 1200.0 -0.566386 3.88938
296.0 1200.0 -0.570539 3.89099
298.0 1200.0 -0.574692 3.8926
300.0 1200.0 -0.578846 3.89421
302.0 1200.0 -0.582999 3.89582
304.0 1200.0 -0.587152 3.89743
306.0 1200.0 -0.591306 3.89904
308.0 1200.0 -0.595459 3.90065
310.0 1200.0 -0.599664 3.90241
312.0 1200.0 -0.603883 3.90421
314.0 1200.0 -0.608102 3.90601
316.0 1200.0 -0.612321 3.90781
318.0 1200.0 -0.61654 3.90961
320.0 1200.0 -0.620759 3.91141
322.0 1200.0 -0.624978 3.91321
324.0 1200.0 -0.629197 3.915
326.0 1200.0 -0.633416 3.9168
328.0 1200.0 -0.637635 3.9186
330.0 1200.0 -0.641854 3.9204
332.0 1200.0 -0.646126 3.92236
334.0 1200.0 -0.650413 3.92437
336.0 1200.0 -0.6547 3.92638
338.0 1200.0 -0.658987 3.92838
340.0 1200.0 -0.663274 3.93039
342.0 1200.0 -0.667562 3.9324
344.0 1200.0 -0.671849 3.93441
346.0 1200.0 -0.676136 3.93641
348.0 1200.0 -0.680423 3.93842
350.0 1200.0 -0.684711 3.94043
352.0 1200.0 -0.688998 3.94243
354.0 1200.0 -0.693337 3.94462
356.0 1200.0 -0.697693 3.94685
358.0 1200.0 -0.702049 3.94909
360.0 1200.0 -0.706406 3.95133
362.0 1200.0 -0.710762 3.95357
364.0 1200.0 -0.715118 3.95581
366.0 1200.0 -0.719475 3.95804
368.0 1200.0 -0.723831 3.96028
370.0 1200.0 -0.728187 3.96252
372.0 1200.0 -0.732544 3.96476
374.0 1200.0 -0.7369 3.967
376.0 1200.0 -0.741306 3.96942
378.0 1200.0 -0.745731 3.97192
380.0 1200.0 -0.750155 3.97441
382.0 1200.0 -0.75458 3.9769
384.0 1200.0 -0.759004 3.9794
386.0 1200.0 -0.763429 3.98189
388.0 1200.0 -0.767853 3.98439
390.0 1200.0 -0.772278 3.98688
392.0 1200.0 -0.776702 3.98938
394.0 1200.0 -0.781127 3.99187
396.0 1200.0 -0.785551 3.99437
398.0 1200.0 -0.790022 3.99707
400.0 1200.0 -0.794511 3.99985
402.0 1200.0 -0.799 4.00263
404.0 1200.0 -0.803489 4.00541
406.0 1200.0 -0.807978 4.00819
408.0 1200.0 -0.812467 4.01097
410.0 1200.0 -0.816955 4.01375
412.0 1200.0 -0.821444 4.01653
414.0 1200.0 -0.825933 4.01931
416.0 1200.0 -0.830422 4.02209
418.0 1200.0 -0.834911 4.02487
420.0 1200.0 -0.83944 4.02787
422.0 1200.0 -0.843986 4.03097
424.0 1200.0 -0.848532 4.03407
426.0 1200.0 -0.853078 4.03717
428.0 1200.0 -0.857624 4.04027
430.0 1200.0 -0.86217 4.04337
432.0 1200.0 -0.866716 4.04647
434.0 1200.0 -0.871262 4.04957
436.0 1200.0 -0.875808 4.05267
438.0 1200.0 -0.880354 4.05577
440.0 1200.0 -0.8849 4.05887
442.0 1200.0 -0.889476 4.06222
444.0 1200.0 -0.894066 4.06568
446.0 1200.0 -0.898657 4.06913
448.0 1200.0 -0.903247 4.07259
450.0 1200.0 -0.907837 4.07605
452.0 1200.0 -0.912427 4.07951
454.0 1200.0 -0.917018 4.08297
456.0 1200.0 -0.921608 4.08642
458.0 1200.0 -0.926198 4.08988
460.0 1200.0 -0.930789 4.09334
462.0 1200.0 -0.935379 4.0968
464.0 1200.0 -0.939986 4.10052
466.0 1200.0 -0.944601 4.10438
468.0 1200.0 -0.949216 4.10824
470.0 1200.0 -0.953831 4.1121
472.0 1200.0 -0.958446 4.11596
474.0 1200.0 -0.963061 4.11982
476.0 1200.0 -0.967676 4.12368
478.0 1200.0 -0.972291 4.12753
480.0 1200.0 -0.976906 4.13139
482.0 1200.0 -0.981521 4.13525
484.0 1200.0 -0.986136 4.13911
486.0 1200.0 -0.990748 4.14326
488.0 1200.0 -0.995358 4.14757
490.0 1200.0 -0.999969 4.15187
492.0 1200.0 -1.00458 4.15618
494.0 1200.0 -1.00919 4.16049
496.0 1200.0 -1.0138 4.16479
498.0 1200.0 -1.01841 4.1691
500.0 1200.0 -1.02302 4.1734
502.0 1200.0 -1.02763 4.17771
504.0 1200.0 -1.03224 4.18202
506.0 1200.0 -1.03685 4.18632
508.0 1200.0 -1.04144 4.19095
510.0 1200.0 -1.046 4.19575
512.0 1200.0 -1.05057 4.20055
514.0 1200.0 -1.05513 4.20536
516.0 1200.0 -1.0597 4.21016
518.0 1200.0 -1.06426 4.21496
520.0 1200.0 -1.06883 4.21976
522.0 1200.0 -1.07339 4.22457
524.0 1200.0 -1.07796 4.22937
526.0 1200.0 -1.08252 4.23417
528.0 1200.0 -1.08709 4.23898
530.0 1200.0 -1.09159 4.24412
532.0 1200.0 -1.09605 4.24947
534.0 1200.0 -1.10052 4.25482
536.0 1200.0 -1.10498 4.26017
538.0 1200.0 -1.10944 4.26552
540.0 1200.0 -1.11391 4.27087
542.0 1200.0 -1.11837 4.27622
544.0 1200.0 -1.12283 4.28157
546.0 1200.0 -1.1273 4.28692
548.0 1200.0 -1.13176 4.29227
550.0 1200.0 -1.13622 4.29762
552.0 1200.0 -1.14058 4.30333
554.0 1200.0 -1.14486 4.30928
556.0 1200.0 -1.14915 4.31522
558.0 1200.0 -1.15344 4.32116
560.0 1200.0 -1.15772 4.3271
562.0 1200.0 -1.16201 4.33305
564.0 1200.0 -1.16629 4.33899
566.0 1200.0 -1.17058 4.34493
568.0 1200.0 -1.17486 4.35088
570.0 1200.0 -1.17915 4.35682
572.0 1200.0 -1.18344 4.36276
574.0 1200.0 -1.18756 4.36908
576.0 1200.0 -1.19157 4.37565
578.0 1200.0 -1.19558 4.38222
580.0 1200.0 -1.1996 4.3888
582.0 1200.0 -1.20361 4.39537
584.0 1200.0 -1.20762 4.40194
586.0 1200.0 -1.21163 4.40851
588.0 1200.0 -1.21564 4.41508
590.0 1200.0 -1.21965 4.42165
592.0 1200.0 -1.22367 4.42823
594.0 1200.0 -1.22768 4.4348
596.0 1200.0 -1.23146 4.44174
598.0 1200.0 -1.23508 4.44896
600.0 1200.0 -1.2387 4.45617
602.0 1200.0 -1.24232 4.46339
604.0 1200.0 -1.24594 4.47061
606.0 1200.0 -1.24956 4.47782
608.0 1200.0 -1.25318 4.48504
610.0 1200.0 -1.2568 4.49226
612.0 1200.0 -1.26041 4.49947
614.0 1200.0 -1.26403 4.50669
616.0 1200.0 -1.26765 4.5139
618.0 1200.0 -1.27097 4.52148
620.0 1200.0 -1.27406 4.52932
622.0 1200.0 -1.27715 4.53717
624.0 1200.0 -1.28024 4.54501
626.0 1200.0 -1.28333 4.55286
628.0 1200.0 -1.28642 4.5607
630.0 1200.0 -1.28951 4.56855
632.0 1200.0 -1.29259 4.57639
634.0 1200.0 -1.29568 4.58424
636.0 1200.0 -1.29877 4.59208
638.0 1200.0 -1.30186 4.59993
640.0 1200.0 -1.30458 4.60808
642.0 1200.0 -1.30699 4.6165
644.0 1200.0 -1.3094 4.62491
646.0 1200.0 -1.31181 4.63333
648.0 1200.0 -1.31423 4.64174
650.0 1200.0 -1.31664 4.65016
652.0 1200.0 -1.31905 4.65857
654.0 1200.0 -1.32146 4.66699
656.0 1200.0 -1.32387 4.67541
658.0 1200.0 -1.32628 4.68382
660.0 1200.0 -1.32869 4.69224
662.0 1200.0 -1.33067 4.70089
664.0 1200.0 -1.33227 4.70977
666.0 1200.0 -1.33386 4.71864
668.0 1200.0 -1.33546 4.72751
670.0 1200.0 -1.33705 4.73639
672.0 1200.0 -1.33865 4.74526
674.0 1200.0 -1.34024 4.75413
676.0 1200.0 -1.34184 4.76301
678.0 1200.0 -1.34343 4.77188
680.0 1200.0 -1.34502 4.78075
682.0 1200.0 -1.34662 4.78962
684.0 1200.0 -1.34774 4.76963
686.0 1200.0 -1.3484 4.72251
688.0 1200.0 -1.34907 4.67539
690.0 1200.0 -1.34974 4.62827
692.0 1200.0 -1.35041 4.58115
694.0 1200.0 -1.35107 4.53403
696.0 1200.0 -1.35174 4.48691
698.0 1200.0 -1.35241 4.43979
