# 
param maxline=128 current=1 gradient=1 normB=1 normE=1
cylinder Z0=4800 nR=350 nZ=1 dR=2 dZ=1
data
0.0 4800.0 0 2.04455
2.0 4800.0 0.00202296 2.04457
4.0 4800.0 0.00404591 2.04459
6.0 4800.0 0.00606887 2.04461
8.0 4800.0 0.00809183 2.04464
10.0 4800.0 0.0101148 2.04466
12.0 4800.0 0.0121377 2.04468
14.0 4800.0 0.0141607 2.0447
16.0 4800.0 0.0161837 2.04472
18.0 4800.0 0.0182066 2.04474
20.0 4800.0 0.0202296 2.04476
22.0 4800.0 0.0222525 2.04478
24.0 4800.0 0.0242778 2.04485
26.0 4800.0 0.0263031 2.04491
28.0 4800.0 0.0283283 2.04497
30.0 4800.0 0.0303536 2.04504
32.0 4800.0 0.0323789 2.0451
34.0 4800.0 0.0344042 2.04517
36.0 4800.0 0.0364295 2.04523
38.0 4800.0 0.0384547 2.04529
40.0 4800.0 0.04048 2.04536
42.0 4800.0 0.0425053 2.04542
44.0 4800.0 0.0445306 2.04549
46.0 4800.0 0.0465604 2.04559
48.0 4800.0 0.0485903 2.0457
50.0 4800.0 0.0506202 2.0458
52.0 4800.0 0.0526502 2.04591
54.0 4800.0 0.0546801 2.04602
56.0 4800.0 0.05671 2.04613
58.0 4800.0 0.05874 2.04623
60.0 4800.0 0.0607699 2.04634
62.0 4800.0 0.0627999 2.04645
64.0 4800.0 0.0648298 2.04655
66.0 4800.0 0.0668597 2.04666
68.0 4800.0 0.0688963 2.04681
70.0 4800.0 0.0709332 2.04696
72.0 4800.0 0.0729702 2.04711
74.0 4800.0 0.0750071 2.04726
76.0 4800.0 0.077044 2.04741
78.0 4800.0 0.0790809 2.04757
80.0 4800.0 0.0811179 2.04772
82.0 4800.0 0.0831548 2.04787
84.0 4800.0 0.0851917 2.04802
86.0 4800.0 0.0872286 2.04817
88.0 4800.0 0.0892656 2.04832
90.0 4800.0 0.0913112 2.04852
92.0 4800.0 0.0933575 2.04871
94.0 4800.0 0.0954038 2.04891
96.0 4800.0 0.09745 2.04911
98.0 4800.0 0.0994963 2.0493
100.0 4800.0 0.101543 2.0495
102.0 4800.0 0.103589 2.0497
104.0 4800.0 0.105635 2.04989
106.0 4800.0 0.107681 2.05009
108.0 4800.0 0.109728 2.05028
110.0 4800.0 0.111774 2.05048
112.0 4800.0 0.113831 2.05072
114.0 4800.0 0.115889 2.05097
116.0 4800.0 0.117947 2.05121
118.0 4800.0 0.120005 2.05145
120.0 4800.0 0.122063 2.0517
122.0 4800.0 0.124121 2.05194
124.0 4800.0 0.126179 2.05218
126.0 4800.0 0.128237 2.05243
128.0 4800.0 0.130295 2.05267
130.0 4800.0 0.132353 2.05292
132.0 4800.0 0.134411 2.05316
134.0 4800.0 0.136481 2.05345
136.0 4800.0 0.138553 2.05374
138.0 4800.0 0.140625 2.05404
140.0 4800.0 0.142697 2.05433
142.0 4800.0 0.14477 2.05462
144.0 4800.0 0.146842 2.05492
146.0 4800.0 0.148914 2.05521
148.0 4800.0 0.150986 2.0555
150.0 4800.0 0.153058 2.0558
152.0 4800.0 0.15513 2.05609
154.0 4800.0 0.157202 2.05638
156.0 4800.0 0.159288 2.05672
158.0 4800.0 0.161377 2.05707
160.0 4800.0 0.163465 2.05741
162.0 4800.0 0.165554 2.05776
164.0 4800.0 0.167642 2.05811
166.0 4800.0 0.169731 2.05845
168.0 4800.0 0.171819 2.0588
170.0 4800.0 0.173908 2.05914
172.0 4800.0 0.175996 2.05949
174.0 4800.0 0.178085 2.05983
176.0 4800.0 0.180173 2.06018
178.0 4800.0 0.182278 2.06057
180.0 4800.0 0.184386 2.06097
182.0 4800.0 0.186493 2.06138
184.0 4800.0 0.1886 2.06178
186.0 4800.0 0.190708 2.06218
188.0 4800.0 0.192815 2.06258
190.0 4800.0 0.194923 2.06298
192.0 4800.0 0.19703 2.06338
194.0 4800.0 0.199137 2.06378
196.0 4800.0 0.201245 2.06418
198.0 4800.0 0.203352 2.06458
200.0 4800.0 0.205477 2.06504
202.0 4800.0 0.207606 2.0655
204.0 4800.0 0.209735 2.06596
206.0 4800.0 0.211863 2.06642
208.0 4800.0 0.213992 2.06688
210.0 4800.0 0.21612 2.06734
212.0 4800.0 0.218249 2.0678
214.0 4800.0 0.220377 2.06826
216.0 4800.0 0.222506 2.06872
218.0 4800.0 0.224634 2.06918
220.0 4800.0 0.226763 2.06964
222.0 4800.0 0.228911 2.07016
224.0 4800.0 0.231063 2.07068
226.0 4800.0 0.233215 2.07121
228.0 4800.0 0.235367 2.07173
230.0 4800.0 0.237519 2.07226
232.0 4800.0 0.239672 2.07278
234.0 4800.0 0.241824 2.0733
236.0 4800.0 0.243976 2.07383
238.0 4800.0 0.246128 2.07435
240.0 4800.0 0.24828 2.07488
242.0 4800.0 0.250432 2.0754
244.0 4800.0 0.252605 2.07599
246.0 4800.0 0.254783 2.07658
248.0 4800.0 0.256961 2.07717
250.0 4800.0 0.259139 2.07777
252.0 4800.0 0.261316 2.07836
254.0 4800.0 0.263494 2.07896
256.0 4800.0 0.265672 2.07955
258.0 4800.0 0.26785 2.08014
260.0 4800.0 0.270028 2.08074
262.0 4800.0 0.272206 2.08133
264.0 4800.0 0.274383 2.08193
266.0 4800.0 0.276584 2.08258
268.0 4800.0 0.278789 2.08325
270.0 4800.0 0.280995 2.08392
272.0 4800.0 0.283201 2.08459
274.0 4800.0 0.285406 2.08526
276.0 4800.0 0.287612 2.08593
278.0 4800.0 0.289818 2.0866
280.0 4800.0 0.292023 2.08727
282.0 4800.0 0.294229 2.08794
284.0 4800.0 0.296435 2.08861
286.0 4800.0 0.29864 2.08928
288.0 4800.0 0.30087 2.09002
290.0 4800.0 0.303105 2.09077
292.0 4800.0 0.305341 2.09152
294.0 4800.0 0.307576 2.09228
296.0 4800.0 0.309811 2.09303
298.0 4800.0 0.312047 2.09378
300.0 4800.0 0.314282 2.09454
302.0 4800.0 0.316518 2.09529
304.0 4800.0 0.318753 2.09604
306.0 4800.0 0.320988 2.0968
308.0 4800.0 0.323224 2.09755
310.0 4800.0 0.325484 2.09837
312.0 4800.0 0.32775 2.09922
314.0 4800.0 0.330017 2.10006
316.0 4800.0 0.332284 2.10091
318.0 4800.0 0.33455 2.10175
320.0 4800.0 0.336817 2.1026
322.0 4800.0 0.339084 2.10344
324.0 4800.0 0.34135 2.10429
326.0 4800.0 0.343617 2.10513
328.0 4800.0 0.345884 2.10597
330.0 4800.0 0.34815 2.10682
332.0 4800.0 0.350442 2.10774
334.0 4800.0 0.352741 2.10869
336.0 4800.0 0.35504 2.10963
338.0 4800.0 0.357339 2.11058
340.0 4800.0 0.359638 2.11153
342.0 4800.0 0.361937 2.11247
344.0 4800.0 0.364236 2.11342
346.0 4800.0 0.366535 2.11436
348.0 4800.0 0.368834 2.11531
350.0 4800.0 0.371133 2.11626
352.0 4800.0 0.373432 2.1172
354.0 4800.0 0.375756 2.11823
356.0 4800.0 0.378088 2.11929
358.0 4800.0 0.38042 2.12035
360.0 4800.0 0.382751 2.12141
362.0 4800.0 0.385083 2.12247
364.0 4800.0 0.387415 2.12353
366.0 4800.0 0.389747 2.12459
368.0 4800.0 0.392079 2.12565
370.0 4800.0 0.39441 2.12671
372.0 4800.0 0.396742 2.12777
374.0 4800.0 0.399074 2.12882
376.0 4800.0 0.401429 2.12998
378.0 4800.0 0.403793 2.13116
380.0 4800.0 0.406157 2.13235
382.0 4800.0 0.408521 2.13353
384.0 4800.0 0.410885 2.13472
386.0 4800.0 0.413249 2.1359
388.0 4800.0 0.415613 2.13709
390.0 4800.0 0.417977 2.13827
392.0 4800.0 0.420341 2.13946
394.0 4800.0 0.422705 2.14064
396.0 4800.0 0.425069 2.14183
398.0 4800.0 0.427454 2.14311
400.0 4800.0 0.429848 2.14444
402.0 4800.0 0.432242 2.14576
404.0 4800.0 0.434637 2.14709
406.0 4800.0 0.437031 2.14842
408.0 4800.0 0.439425 2.14974
410.0 4800.0 0.441819 2.15107
412.0 4800.0 0.444213 2.1524
414.0 4800.0 0.446607 2.15372
416.0 4800.0 0.449001 2.15505
418.0 4800.0 0.451395 2.15637
420.0 4800.0 0.453808 2.15781
422.0 4800.0 0.456228 2.1593
424.0 4800.0 0.458648 2.16078
426.0 4800.0 0.461069 2.16226
428.0 4800.0 0.463489 2.16375
430.0 4800.0 0.465909 2.16523
432.0 4800.0 0.46833 2.16672
434.0 4800.0 0.47075 2.1682
436.0 4800.0 0.473171 2.16969
438.0 4800.0 0.475591 2.17117
440.0 4800.0 0.478011 2.17266
442.0 4800.0 0.480445 2.17426
444.0 4800.0 0.482885 2.17592
446.0 4800.0 0.485325 2.17759
448.0 4800.0 0.487765 2.17925
450.0 4800.0 0.490206 2.18091
452.0 4800.0 0.492646 2.18257
454.0 4800.0 0.495086 2.18424
456.0 4800.0 0.497526 2.1859
458.0 4800.0 0.499966 2.18756
460.0 4800.0 0.502406 2.18922
462.0 4800.0 0.504846 2.19089
464.0 4800.0 0.507293 2.19268
466.0 4800.0 0.509743 2.19454
468.0 4800.0 0.512192 2.19641
470.0 4800.0 0.514642 2.19827
472.0 4800.0 0.517092 2.20013
474.0 4800.0 0.519542 2.20199
476.0 4800.0 0.521992 2.20385
478.0 4800.0 0.524441 2.20571
480.0 4800.0 0.526891 2.20758
482.0 4800.0 0.529341 2.20944
484.0 4800.0 0.531791 2.2113
486.0 4800.0 0.534237 2.21331
488.0 4800.0 0.536682 2.21539
490.0 4800.0 0.539127 2.21748
492.0 4800.0 0.541571 2.21956
494.0 4800.0 0.544016 2.22165
496.0 4800.0 0.546461 2.22373
498.0 4800.0 0.548905 2.22582
500.0 4800.0 0.55135 2.2279
502.0 4800.0 0.553795 2.22999
504.0 4800.0 0.556239 2.23207
506.0 4800.0 0.558684 2.23416
508.0 4800.0 0.561112 2.2364
510.0 4800.0 0.563531 2.23874
512.0 4800.0 0.56595 2.24107
514.0 4800.0 0.568368 2.24341
516.0 4800.0 0.570787 2.24574
518.0 4800.0 0.573206 2.24807
520.0 4800.0 0.575624 2.25041
522.0 4800.0 0.578043 2.25274
524.0 4800.0 0.580462 2.25507
526.0 4800.0 0.58288 2.25741
528.0 4800.0 0.585299 2.25974
530.0 4800.0 0.587683 2.26225
532.0 4800.0 0.590047 2.26485
534.0 4800.0 0.592411 2.26746
536.0 4800.0 0.594775 2.27007
538.0 4800.0 0.597139 2.27268
540.0 4800.0 0.599503 2.27529
542.0 4800.0 0.601867 2.27789
544.0 4800.0 0.604231 2.2805
546.0 4800.0 0.606595 2.28311
548.0 4800.0 0.608959 2.28572
550.0 4800.0 0.611323 2.28832
552.0 4800.0 0.61363 2.29111
554.0 4800.0 0.615901 2.29402
556.0 4800.0 0.618172 2.29692
558.0 4800.0 0.620443 2.29983
560.0 4800.0 0.622714 2.30273
562.0 4800.0 0.624985 2.30564
564.0 4800.0 0.627256 2.30854
566.0 4800.0 0.629527 2.31145
568.0 4800.0 0.631798 2.31435
570.0 4800.0 0.634068 2.31726
572.0 4800.0 0.636339 2.32017
574.0 4800.0 0.638526 2.32326
576.0 4800.0 0.640655 2.32648
578.0 4800.0 0.642784 2.3297
580.0 4800.0 0.644913 2.33292
582.0 4800.0 0.647042 2.33614
584.0 4800.0 0.649171 2.33936
586.0 4800.0 0.6513 2.34258
588.0 4800.0 0.653428 2.3458
590.0 4800.0 0.655557 2.34902
592.0 4800.0 0.657686 2.35224
594.0 4800.0 0.659815 2.35547
596.0 4800.0 0.661827 2.35887
598.0 4800.0 0.663754 2.36242
600.0 4800.0 0.665681 2.36596
602.0 4800.0 0.667608 2.36951
604.0 4800.0 0.669534 2.37305
606.0 4800.0 0.671461 2.3766
608.0 4800.0 0.673388 2.38014
610.0 4800.0 0.675315 2.38368
612.0 4800.0 0.677241 2.38723
614.0 4800.0 0.679168 2.39077
616.0 4800.0 0.681095 2.39432
618.0 4800.0 0.682869 2.39804
620.0 4800.0 0.684524 2.4019
622.0 4800.0 0.686179 2.40576
624.0 4800.0 0.687834 2.40962
626.0 4800.0 0.689489 2.41348
628.0 4800.0 0.691144 2.41734
630.0 4800.0 0.692799 2.4212
632.0 4800.0 0.694454 2.42506
634.0 4800.0 0.696109 2.42892
636.0 4800.0 0.697764 2.43278
638.0 4800.0 0.699419 2.43664
640.0 4800.0 0.700884 2.44066
642.0 4800.0 0.702193 2.4448
644.0 4800.0 0.703502 2.44895
646.0 4800.0 0.704811 2.4531
648.0 4800.0 0.70612 2.45724
650.0 4800.0 0.707429 2.46139
652.0 4800.0 0.708738 2.46554
654.0 4800.0 0.710046 2.46968
656.0 4800.0 0.711355 2.47383
658.0 4800.0 0.712664 2.47798
660.0 4800.0 0.713973 2.48212
662.0 4800.0 0.715061 2.48639
664.0 4800.0 0.715953 2.49077
666.0 4800.0 0.716845 2.49514
668.0 4800.0 0.717737 2.49952
670.0 4800.0 0.718629 2.50389
672.0 4800.0 0.719521 2.50827
674.0 4800.0 0.720413 2.51264
676.0 4800.0 0.721305 2.51702
678.0 4800.0 0.722197 2.5214
680.0 4800.0 0.723089 2.52577
682.0 4800.0 0.723981 2.53015
684.0 4800.0 0.724629 2.51989
686.0 4800.0 0.725049 2.4959
688.0 4800.0 0.725468 2.4719
690.0 4800.0 0.725887 2.4479
692.0 4800.0 0.726307 2.42391
694.0 4800.0 0.726726 2.39991
696.0 4800.0 0.727146 2.37591
698.0 4800.0 0.727565 2.35191
