# 
param maxline=128 current=1 gradient=1 normB=1 normE=1
cylinder Z0=3200 nR=350 nZ=1 dR=2 dZ=1
data
0.0 3200.0 0 3.99446
2.0 3200.0 0.00187164 3.99444
4.0 3200.0 0.00374329 3.99442
6.0 3200.0 0.00561493 3.9944
8.0 3200.0 0.00748657 3.99439
10.0 3200.0 0.00935821 3.99437
12.0 3200.0 0.0112299 3.99435
14.0 3200.0 0.0131015 3.99433
16.0 3200.0 0.0149731 3.99431
18.0 3200.0 0.0168448 3.99429
20.0 3200.0 0.0187164 3.99427
22.0 3200.0 0.0205881 3.99426
24.0 3200.0 0.022462 3.9942
26.0 3200.0 0.024336 3.99414
28.0 3200.0 0.02621 3.99409
30.0 3200.0 0.028084 3.99403
32.0 3200.0 0.029958 3.99398
34.0 3200.0 0.0318319 3.99392
36.0 3200.0 0.0337059 3.99387
38.0 3200.0 0.0355799 3.99381
40.0 3200.0 0.0374539 3.99375
42.0 3200.0 0.0393279 3.9937
44.0 3200.0 0.0412019 3.99364
46.0 3200.0 0.0430804 3.99355
48.0 3200.0 0.0449591 3.99346
50.0 3200.0 0.0468378 3.99336
52.0 3200.0 0.0487164 3.99327
54.0 3200.0 0.0505951 3.99318
56.0 3200.0 0.0524738 3.99308
58.0 3200.0 0.0543525 3.99299
60.0 3200.0 0.0562311 3.99289
62.0 3200.0 0.0581098 3.9928
64.0 3200.0 0.0599885 3.99271
66.0 3200.0 0.0618672 3.99261
68.0 3200.0 0.0637526 3.99248
70.0 3200.0 0.0656383 3.99235
72.0 3200.0 0.067524 3.99222
74.0 3200.0 0.0694097 3.99209
76.0 3200.0 0.0712955 3.99195
78.0 3200.0 0.0731812 3.99182
80.0 3200.0 0.0750669 3.99169
82.0 3200.0 0.0769526 3.99156
84.0 3200.0 0.0788383 3.99142
86.0 3200.0 0.0807241 3.99129
88.0 3200.0 0.0826098 3.99116
90.0 3200.0 0.0845043 3.99099
92.0 3200.0 0.0863995 3.99082
94.0 3200.0 0.0882946 3.99064
96.0 3200.0 0.0901898 3.99047
98.0 3200.0 0.0920849 3.9903
100.0 3200.0 0.09398 3.99013
102.0 3200.0 0.0958752 3.98995
104.0 3200.0 0.0977703 3.98978
106.0 3200.0 0.0996654 3.98961
108.0 3200.0 0.101561 3.98944
110.0 3200.0 0.103456 3.98926
112.0 3200.0 0.105362 3.98905
114.0 3200.0 0.107269 3.98884
116.0 3200.0 0.109176 3.98862
118.0 3200.0 0.111083 3.98841
120.0 3200.0 0.112989 3.98819
122.0 3200.0 0.114896 3.98798
124.0 3200.0 0.116803 3.98777
126.0 3200.0 0.11871 3.98755
128.0 3200.0 0.120617 3.98734
130.0 3200.0 0.122524 3.98712
132.0 3200.0 0.124431 3.98691
134.0 3200.0 0.126351 3.98665
136.0 3200.0 0.128272 3.9864
138.0 3200.0 0.130193 3.98614
140.0 3200.0 0.132114 3.98588
142.0 3200.0 0.134035 3.98562
144.0 3200.0 0.135956 3.98536
146.0 3200.0 0.137877 3.9851
148.0 3200.0 0.139799 3.98485
150.0 3200.0 0.14172 3.98459
152.0 3200.0 0.143641 3.98433
154.0 3200.0 0.145562 3.98407
156.0 3200.0 0.147498 3.98377
158.0 3200.0 0.149435 3.98347
160.0 3200.0 0.151373 3.98316
162.0 3200.0 0.153311 3.98285
164.0 3200.0 0.155249 3.98255
166.0 3200.0 0.157186 3.98224
168.0 3200.0 0.159124 3.98194
170.0 3200.0 0.161062 3.98163
172.0 3200.0 0.162999 3.98133
174.0 3200.0 0.164937 3.98102
176.0 3200.0 0.166875 3.98072
178.0 3200.0 0.168829 3.98037
180.0 3200.0 0.170786 3.98001
182.0 3200.0 0.172742 3.97966
184.0 3200.0 0.174699 3.9793
186.0 3200.0 0.176656 3.97895
188.0 3200.0 0.178612 3.97859
190.0 3200.0 0.180569 3.97824
192.0 3200.0 0.182526 3.97788
194.0 3200.0 0.184482 3.97753
196.0 3200.0 0.186439 3.97717
198.0 3200.0 0.188396 3.97682
200.0 3200.0 0.190371 3.97642
202.0 3200.0 0.192349 3.97601
204.0 3200.0 0.194327 3.9756
206.0 3200.0 0.196305 3.97519
208.0 3200.0 0.198283 3.97478
210.0 3200.0 0.200261 3.97437
212.0 3200.0 0.202239 3.97396
214.0 3200.0 0.204217 3.97355
216.0 3200.0 0.206195 3.97315
218.0 3200.0 0.208173 3.97274
220.0 3200.0 0.210151 3.97233
222.0 3200.0 0.212149 3.97187
224.0 3200.0 0.214151 3.9714
226.0 3200.0 0.216152 3.97093
228.0 3200.0 0.218154 3.97047
230.0 3200.0 0.220156 3.97
232.0 3200.0 0.222157 3.96953
234.0 3200.0 0.224159 3.96906
236.0 3200.0 0.226161 3.9686
238.0 3200.0 0.228162 3.96813
240.0 3200.0 0.230164 3.96766
242.0 3200.0 0.232166 3.9672
244.0 3200.0 0.234189 3.96668
246.0 3200.0 0.236217 3.96614
248.0 3200.0 0.238244 3.96561
250.0 3200.0 0.240272 3.96508
252.0 3200.0 0.2423 3.96455
254.0 3200.0 0.244327 3.96402
256.0 3200.0 0.246355 3.96349
258.0 3200.0 0.248383 3.96296
260.0 3200.0 0.25041 3.96243
262.0 3200.0 0.252438 3.9619
264.0 3200.0 0.254465 3.96137
266.0 3200.0 0.256516 3.96078
268.0 3200.0 0.258572 3.96018
270.0 3200.0 0.260627 3.95958
272.0 3200.0 0.262683 3.95898
274.0 3200.0 0.264739 3.95837
276.0 3200.0 0.266794 3.95777
278.0 3200.0 0.26885 3.95717
280.0 3200.0 0.270906 3.95657
282.0 3200.0 0.272961 3.95597
284.0 3200.0 0.275017 3.95537
286.0 3200.0 0.277073 3.95477
288.0 3200.0 0.279152 3.95411
290.0 3200.0 0.281238 3.95343
292.0 3200.0 0.283324 3.95275
294.0 3200.0 0.285409 3.95207
296.0 3200.0 0.287495 3.9514
298.0 3200.0 0.28958 3.95072
300.0 3200.0 0.291666 3.95004
302.0 3200.0 0.293752 3.94936
304.0 3200.0 0.295837 3.94868
306.0 3200.0 0.297923 3.94801
308.0 3200.0 0.300009 3.94733
310.0 3200.0 0.302119 3.94658
312.0 3200.0 0.304236 3.94582
314.0 3200.0 0.306353 3.94506
316.0 3200.0 0.308471 3.94429
318.0 3200.0 0.310588 3.94353
320.0 3200.0 0.312705 3.94277
322.0 3200.0 0.314822 3.942
324.0 3200.0 0.316939 3.94124
326.0 3200.0 0.319057 3.94048
328.0 3200.0 0.321174 3.93971
330.0 3200.0 0.323291 3.93895
332.0 3200.0 0.325433 3.93811
334.0 3200.0 0.327583 3.93726
336.0 3200.0 0.329733 3.9364
338.0 3200.0 0.331883 3.93554
340.0 3200.0 0.334033 3.93468
342.0 3200.0 0.336182 3.93382
344.0 3200.0 0.338332 3.93296
346.0 3200.0 0.340482 3.93211
348.0 3200.0 0.342632 3.93125
350.0 3200.0 0.344782 3.93039
352.0 3200.0 0.346932 3.92953
354.0 3200.0 0.349106 3.92859
356.0 3200.0 0.351289 3.92763
358.0 3200.0 0.353472 3.92666
360.0 3200.0 0.355655 3.9257
362.0 3200.0 0.357838 3.92474
364.0 3200.0 0.360021 3.92377
366.0 3200.0 0.362204 3.92281
368.0 3200.0 0.364387 3.92184
370.0 3200.0 0.36657 3.92088
372.0 3200.0 0.368753 3.91991
374.0 3200.0 0.370936 3.91895
376.0 3200.0 0.373143 3.9179
378.0 3200.0 0.375359 3.91681
380.0 3200.0 0.377574 3.91573
382.0 3200.0 0.37979 3.91465
384.0 3200.0 0.382005 3.91356
386.0 3200.0 0.384221 3.91248
388.0 3200.0 0.386436 3.9114
390.0 3200.0 0.388652 3.91031
392.0 3200.0 0.390868 3.90923
394.0 3200.0 0.393083 3.90814
396.0 3200.0 0.395299 3.90706
398.0 3200.0 0.397536 3.90588
400.0 3200.0 0.399783 3.90466
402.0 3200.0 0.402029 3.90345
404.0 3200.0 0.404275 3.90223
406.0 3200.0 0.406522 3.90101
408.0 3200.0 0.408768 3.89979
410.0 3200.0 0.411014 3.89858
412.0 3200.0 0.413261 3.89736
414.0 3200.0 0.415507 3.89614
416.0 3200.0 0.417753 3.89493
418.0 3200.0 0.42 3.89371
420.0 3200.0 0.422265 3.89238
422.0 3200.0 0.424538 3.89102
424.0 3200.0 0.426812 3.88965
426.0 3200.0 0.429085 3.88828
428.0 3200.0 0.431358 3.88691
430.0 3200.0 0.433632 3.88555
432.0 3200.0 0.435905 3.88418
434.0 3200.0 0.438178 3.88281
436.0 3200.0 0.440452 3.88144
438.0 3200.0 0.442725 3.88007
440.0 3200.0 0.444998 3.87871
442.0 3200.0 0.447286 3.87722
444.0 3200.0 0.44958 3.87568
446.0 3200.0 0.451874 3.87415
448.0 3200.0 0.454168 3.87261
450.0 3200.0 0.456463 3.87107
452.0 3200.0 0.458757 3.86953
454.0 3200.0 0.461051 3.86799
456.0 3200.0 0.463345 3.86646
458.0 3200.0 0.465639 3.86492
460.0 3200.0 0.467933 3.86338
462.0 3200.0 0.470227 3.86184
464.0 3200.0 0.472529 3.86018
466.0 3200.0 0.474834 3.85845
468.0 3200.0 0.477139 3.85672
470.0 3200.0 0.479445 3.85499
472.0 3200.0 0.48175 3.85326
474.0 3200.0 0.484055 3.85153
476.0 3200.0 0.48636 3.84981
478.0 3200.0 0.488665 3.84808
480.0 3200.0 0.490971 3.84635
482.0 3200.0 0.493276 3.84462
484.0 3200.0 0.495581 3.84289
486.0 3200.0 0.497884 3.84102
488.0 3200.0 0.500186 3.83908
490.0 3200.0 0.502488 3.83714
492.0 3200.0 0.50479 3.83519
494.0 3200.0 0.507092 3.83325
496.0 3200.0 0.509394 3.83131
498.0 3200.0 0.511696 3.82937
500.0 3200.0 0.513998 3.82742
502.0 3200.0 0.5163 3.82548
504.0 3200.0 0.518602 3.82354
506.0 3200.0 0.520904 3.82159
508.0 3200.0 0.523191 3.8195
510.0 3200.0 0.525469 3.81732
512.0 3200.0 0.527748 3.81513
514.0 3200.0 0.530026 3.81295
516.0 3200.0 0.532305 3.81077
518.0 3200.0 0.534583 3.80859
520.0 3200.0 0.536861 3.80641
522.0 3200.0 0.53914 3.80423
524.0 3200.0 0.541418 3.80204
526.0 3200.0 0.543697 3.79986
528.0 3200.0 0.545975 3.79768
530.0 3200.0 0.548222 3.79533
532.0 3200.0 0.550449 3.79289
534.0 3200.0 0.552676 3.79044
536.0 3200.0 0.554903 3.788
538.0 3200.0 0.55713 3.78555
540.0 3200.0 0.559357 3.7831
542.0 3200.0 0.561584 3.78066
544.0 3200.0 0.563811 3.77821
546.0 3200.0 0.566038 3.77577
548.0 3200.0 0.568265 3.77332
550.0 3200.0 0.570492 3.77088
552.0 3200.0 0.572665 3.76826
554.0 3200.0 0.574803 3.76552
556.0 3200.0 0.576942 3.76279
558.0 3200.0 0.57908 3.76006
560.0 3200.0 0.581218 3.75733
562.0 3200.0 0.583357 3.75459
564.0 3200.0 0.585495 3.75186
566.0 3200.0 0.587634 3.74913
568.0 3200.0 0.589772 3.7464
570.0 3200.0 0.591911 3.74366
572.0 3200.0 0.594049 3.74093
574.0 3200.0 0.596107 3.73802
576.0 3200.0 0.598109 3.73498
578.0 3200.0 0.600111 3.73194
580.0 3200.0 0.602113 3.72891
582.0 3200.0 0.604115 3.72587
584.0 3200.0 0.606117 3.72283
586.0 3200.0 0.608119 3.71979
588.0 3200.0 0.610121 3.71676
590.0 3200.0 0.612123 3.71372
592.0 3200.0 0.614125 3.71068
594.0 3200.0 0.616127 3.70765
596.0 3200.0 0.618017 3.70443
598.0 3200.0 0.619824 3.70108
600.0 3200.0 0.621631 3.69773
602.0 3200.0 0.623438 3.69438
604.0 3200.0 0.625245 3.69103
606.0 3200.0 0.627053 3.68768
608.0 3200.0 0.62886 3.68433
610.0 3200.0 0.630667 3.68098
612.0 3200.0 0.632474 3.67763
614.0 3200.0 0.634281 3.67428
616.0 3200.0 0.636088 3.67093
618.0 3200.0 0.637748 3.66741
620.0 3200.0 0.639292 3.66375
622.0 3200.0 0.640836 3.6601
624.0 3200.0 0.642381 3.65644
626.0 3200.0 0.643925 3.65278
628.0 3200.0 0.645469 3.64913
630.0 3200.0 0.647014 3.64547
632.0 3200.0 0.648558 3.64182
634.0 3200.0 0.650102 3.63816
636.0 3200.0 0.651647 3.63451
638.0 3200.0 0.653191 3.63085
640.0 3200.0 0.654552 3.62705
642.0 3200.0 0.655761 3.62311
644.0 3200.0 0.65697 3.61918
646.0 3200.0 0.658179 3.61525
648.0 3200.0 0.659388 3.61132
650.0 3200.0 0.660597 3.60739
652.0 3200.0 0.661806 3.60345
654.0 3200.0 0.663015 3.59952
656.0 3200.0 0.664224 3.59559
658.0 3200.0 0.665433 3.59166
660.0 3200.0 0.666642 3.58773
662.0 3200.0 0.667636 3.58368
664.0 3200.0 0.66844 3.57952
666.0 3200.0 0.669245 3.57537
668.0 3200.0 0.67005 3.57122
670.0 3200.0 0.670854 3.56706
672.0 3200.0 0.671659 3.56291
674.0 3200.0 0.672463 3.55876
676.0 3200.0 0.673268 3.5546
678.0 3200.0 0.674072 3.55045
680.0 3200.0 0.674877 3.5463
682.0 3200.0 0.675682 3.54214
684.0 3200.0 0.67625 3.52321
686.0 3200.0 0.676595 3.4904
688.0 3200.0 0.676941 3.45758
690.0 3200.0 0.677286 3.42477
692.0 3200.0 0.677632 3.39196
694.0 3200.0 0.677978 3.35914
696.0 3200.0 0.678323 3.32633
698.0 3200.0 0.678669 3.29352
