# 
param maxline=128 current=1 gradient=1 normB=1 normE=1
cylinder Z0=2800 nR=350 nZ=1 dR=2 dZ=1
data
0.0 2800.0 0 4.77397
2.0 2800.0 0.00173377 4.774
4.0 2800.0 0.00346755 4.77402
6.0 2800.0 0.00520132 4.77405
8.0 2800.0 0.00693509 4.77408
10.0 2800.0 0.00866886 4.7741
12.0 2800.0 0.0104026 4.77413
14.0 2800.0 0.0121364 4.77416
16.0 2800.0 0.0138702 4.77418
18.0 2800.0 0.015604 4.77421
20.0 2800.0 0.0173377 4.77424
22.0 2800.0 0.0190715 4.77426
24.0 2800.0 0.0208078 4.77434
26.0 2800.0 0.0225441 4.77442
28.0 2800.0 0.0242804 4.7745
30.0 2800.0 0.0260167 4.77458
32.0 2800.0 0.027753 4.77466
34.0 2800.0 0.0294893 4.77474
36.0 2800.0 0.0312256 4.77482
38.0 2800.0 0.0329619 4.7749
40.0 2800.0 0.0346982 4.77498
42.0 2800.0 0.0364345 4.77506
44.0 2800.0 0.0381708 4.77514
46.0 2800.0 0.039912 4.77527
48.0 2800.0 0.0416533 4.7754
50.0 2800.0 0.0433947 4.77554
52.0 2800.0 0.045136 4.77567
54.0 2800.0 0.0468774 4.7758
56.0 2800.0 0.0486187 4.77594
58.0 2800.0 0.0503601 4.77607
60.0 2800.0 0.0521015 4.7762
62.0 2800.0 0.0538428 4.77634
64.0 2800.0 0.0555842 4.77647
66.0 2800.0 0.0573255 4.77661
68.0 2800.0 0.0590741 4.77679
70.0 2800.0 0.0608231 4.77698
72.0 2800.0 0.062572 4.77717
74.0 2800.0 0.064321 4.77736
76.0 2800.0 0.0660699 4.77754
78.0 2800.0 0.0678189 4.77773
80.0 2800.0 0.0695679 4.77792
82.0 2800.0 0.0713168 4.77811
84.0 2800.0 0.0730658 4.7783
86.0 2800.0 0.0748147 4.77848
88.0 2800.0 0.0765637 4.77867
90.0 2800.0 0.0783221 4.77891
92.0 2800.0 0.0800812 4.77916
94.0 2800.0 0.0818403 4.7794
96.0 2800.0 0.0835994 4.77965
98.0 2800.0 0.0853585 4.77989
100.0 2800.0 0.0871176 4.78013
102.0 2800.0 0.0888767 4.78038
104.0 2800.0 0.0906358 4.78062
106.0 2800.0 0.0923949 4.78087
108.0 2800.0 0.094154 4.78111
110.0 2800.0 0.0959131 4.78135
112.0 2800.0 0.0976839 4.78165
114.0 2800.0 0.0994557 4.78195
116.0 2800.0 0.101228 4.78225
118.0 2800.0 0.102999 4.78256
120.0 2800.0 0.104771 4.78286
122.0 2800.0 0.106543 4.78316
124.0 2800.0 0.108315 4.78346
126.0 2800.0 0.110086 4.78376
128.0 2800.0 0.111858 4.78406
130.0 2800.0 0.11363 4.78436
132.0 2800.0 0.115402 4.78467
134.0 2800.0 0.117188 4.78502
136.0 2800.0 0.118975 4.78538
138.0 2800.0 0.120762 4.78574
140.0 2800.0 0.122549 4.78611
142.0 2800.0 0.124336 4.78647
144.0 2800.0 0.126123 4.78683
146.0 2800.0 0.12791 4.78719
148.0 2800.0 0.129697 4.78755
150.0 2800.0 0.131484 4.78791
152.0 2800.0 0.133271 4.78827
154.0 2800.0 0.135058 4.78863
156.0 2800.0 0.136861 4.78905
158.0 2800.0 0.138666 4.78947
160.0 2800.0 0.140471 4.7899
162.0 2800.0 0.142276 4.79032
164.0 2800.0 0.144081 4.79074
166.0 2800.0 0.145886 4.79117
168.0 2800.0 0.147691 4.79159
170.0 2800.0 0.149496 4.79201
172.0 2800.0 0.1513 4.79244
174.0 2800.0 0.153105 4.79286
176.0 2800.0 0.15491 4.79328
178.0 2800.0 0.156733 4.79377
180.0 2800.0 0.158558 4.79425
182.0 2800.0 0.160384 4.79474
184.0 2800.0 0.162209 4.79523
186.0 2800.0 0.164034 4.79572
188.0 2800.0 0.16586 4.79621
190.0 2800.0 0.167685 4.7967
192.0 2800.0 0.16951 4.79719
194.0 2800.0 0.171336 4.79767
196.0 2800.0 0.173161 4.79816
198.0 2800.0 0.174986 4.79865
200.0 2800.0 0.176831 4.7992
202.0 2800.0 0.17868 4.79976
204.0 2800.0 0.180528 4.80032
206.0 2800.0 0.182376 4.80087
208.0 2800.0 0.184224 4.80143
210.0 2800.0 0.186073 4.80199
212.0 2800.0 0.187921 4.80255
214.0 2800.0 0.189769 4.8031
216.0 2800.0 0.191617 4.80366
218.0 2800.0 0.193466 4.80422
220.0 2800.0 0.195314 4.80478
222.0 2800.0 0.197184 4.8054
224.0 2800.0 0.199057 4.80603
226.0 2800.0 0.200931 4.80666
228.0 2800.0 0.202805 4.80729
230.0 2800.0 0.204679 4.80792
232.0 2800.0 0.206552 4.80855
234.0 2800.0 0.208426 4.80918
236.0 2800.0 0.2103 4.80981
238.0 2800.0 0.212173 4.81044
240.0 2800.0 0.214047 4.81107
242.0 2800.0 0.215921 4.81171
244.0 2800.0 0.217818 4.8124
246.0 2800.0 0.219719 4.81311
248.0 2800.0 0.221621 4.81382
250.0 2800.0 0.223522 4.81453
252.0 2800.0 0.225424 4.81524
254.0 2800.0 0.227326 4.81595
256.0 2800.0 0.229227 4.81666
258.0 2800.0 0.231129 4.81737
260.0 2800.0 0.23303 4.81808
262.0 2800.0 0.234932 4.81879
264.0 2800.0 0.236833 4.81949
266.0 2800.0 0.238759 4.82027
268.0 2800.0 0.240691 4.82107
270.0 2800.0 0.242623 4.82186
272.0 2800.0 0.244555 4.82265
274.0 2800.0 0.246486 4.82345
276.0 2800.0 0.248418 4.82424
278.0 2800.0 0.25035 4.82503
280.0 2800.0 0.252281 4.82583
282.0 2800.0 0.254213 4.82662
284.0 2800.0 0.256145 4.82742
286.0 2800.0 0.258077 4.82821
288.0 2800.0 0.260034 4.82908
290.0 2800.0 0.261998 4.82996
292.0 2800.0 0.263962 4.83085
294.0 2800.0 0.265926 4.83173
296.0 2800.0 0.267889 4.83262
298.0 2800.0 0.269853 4.8335
300.0 2800.0 0.271817 4.83439
302.0 2800.0 0.273781 4.83527
304.0 2800.0 0.275745 4.83616
306.0 2800.0 0.277709 4.83704
308.0 2800.0 0.279673 4.83793
310.0 2800.0 0.281663 4.83889
312.0 2800.0 0.283661 4.83987
314.0 2800.0 0.285659 4.84086
316.0 2800.0 0.287657 4.84184
318.0 2800.0 0.289654 4.84282
320.0 2800.0 0.291652 4.84381
322.0 2800.0 0.29365 4.84479
324.0 2800.0 0.295648 4.84578
326.0 2800.0 0.297646 4.84676
328.0 2800.0 0.299644 4.84775
330.0 2800.0 0.301641 4.84873
332.0 2800.0 0.303666 4.8498
334.0 2800.0 0.305699 4.85089
336.0 2800.0 0.307732 4.85198
338.0 2800.0 0.309765 4.85308
340.0 2800.0 0.311798 4.85417
342.0 2800.0 0.313831 4.85526
344.0 2800.0 0.315864 4.85636
346.0 2800.0 0.317897 4.85745
348.0 2800.0 0.31993 4.85854
350.0 2800.0 0.321963 4.85964
352.0 2800.0 0.323996 4.86073
354.0 2800.0 0.326056 4.86191
356.0 2800.0 0.328124 4.86313
358.0 2800.0 0.330193 4.86434
360.0 2800.0 0.332262 4.86555
362.0 2800.0 0.334331 4.86676
364.0 2800.0 0.336399 4.86798
366.0 2800.0 0.338468 4.86919
368.0 2800.0 0.340537 4.8704
370.0 2800.0 0.342605 4.87161
372.0 2800.0 0.344674 4.87283
374.0 2800.0 0.346743 4.87404
376.0 2800.0 0.348838 4.87535
378.0 2800.0 0.350942 4.87669
380.0 2800.0 0.353046 4.87804
382.0 2800.0 0.35515 4.87938
384.0 2800.0 0.357254 4.88073
386.0 2800.0 0.359358 4.88207
388.0 2800.0 0.361462 4.88342
390.0 2800.0 0.363566 4.88476
392.0 2800.0 0.36567 4.88611
394.0 2800.0 0.367774 4.88745
396.0 2800.0 0.369878 4.8888
398.0 2800.0 0.372007 4.89025
400.0 2800.0 0.374144 4.89174
402.0 2800.0 0.376282 4.89323
404.0 2800.0 0.37842 4.89472
406.0 2800.0 0.380557 4.89622
408.0 2800.0 0.382695 4.89771
410.0 2800.0 0.384833 4.8992
412.0 2800.0 0.38697 4.90069
414.0 2800.0 0.389108 4.90218
416.0 2800.0 0.391246 4.90367
418.0 2800.0 0.393383 4.90517
420.0 2800.0 0.395542 4.90677
422.0 2800.0 0.39771 4.90843
424.0 2800.0 0.399877 4.91008
426.0 2800.0 0.402045 4.91174
428.0 2800.0 0.404213 4.91339
430.0 2800.0 0.40638 4.91504
432.0 2800.0 0.408548 4.9167
434.0 2800.0 0.410716 4.91835
436.0 2800.0 0.412883 4.92001
438.0 2800.0 0.415051 4.92166
440.0 2800.0 0.417219 4.92332
442.0 2800.0 0.419403 4.9251
444.0 2800.0 0.421594 4.92693
446.0 2800.0 0.423786 4.92877
448.0 2800.0 0.425977 4.93061
450.0 2800.0 0.428169 4.93244
452.0 2800.0 0.43036 4.93428
454.0 2800.0 0.432552 4.93612
456.0 2800.0 0.434743 4.93795
458.0 2800.0 0.436935 4.93979
460.0 2800.0 0.439126 4.94163
462.0 2800.0 0.441318 4.94346
464.0 2800.0 0.443519 4.94544
466.0 2800.0 0.445724 4.94748
468.0 2800.0 0.44793 4.94952
470.0 2800.0 0.450136 4.95155
472.0 2800.0 0.452341 4.95359
474.0 2800.0 0.454547 4.95563
476.0 2800.0 0.456753 4.95767
478.0 2800.0 0.458958 4.95971
480.0 2800.0 0.461164 4.96175
482.0 2800.0 0.463369 4.96379
484.0 2800.0 0.465575 4.96583
486.0 2800.0 0.467781 4.96802
488.0 2800.0 0.469986 4.97028
490.0 2800.0 0.472192 4.97255
492.0 2800.0 0.474397 4.97481
494.0 2800.0 0.476603 4.97708
496.0 2800.0 0.478809 4.97934
498.0 2800.0 0.481014 4.98161
500.0 2800.0 0.48322 4.98387
502.0 2800.0 0.485425 4.98614
504.0 2800.0 0.487631 4.9884
506.0 2800.0 0.489836 4.99067
508.0 2800.0 0.492029 4.99309
510.0 2800.0 0.494214 4.99561
512.0 2800.0 0.496399 4.99812
514.0 2800.0 0.498584 5.00064
516.0 2800.0 0.50077 5.00315
518.0 2800.0 0.502955 5.00567
520.0 2800.0 0.50514 5.00818
522.0 2800.0 0.507325 5.0107
524.0 2800.0 0.509511 5.01321
526.0 2800.0 0.511696 5.01573
528.0 2800.0 0.513881 5.01824
530.0 2800.0 0.516036 5.02093
532.0 2800.0 0.518173 5.02372
534.0 2800.0 0.52031 5.02651
536.0 2800.0 0.522447 5.0293
538.0 2800.0 0.524584 5.03209
540.0 2800.0 0.526721 5.03488
542.0 2800.0 0.528858 5.03767
544.0 2800.0 0.530995 5.04046
546.0 2800.0 0.533132 5.04325
548.0 2800.0 0.535269 5.04604
550.0 2800.0 0.537406 5.04882
552.0 2800.0 0.539491 5.0518
554.0 2800.0 0.541543 5.05488
556.0 2800.0 0.543594 5.05797
558.0 2800.0 0.545646 5.06106
560.0 2800.0 0.547697 5.06414
562.0 2800.0 0.549749 5.06723
564.0 2800.0 0.551801 5.07031
566.0 2800.0 0.553852 5.0734
568.0 2800.0 0.555904 5.07649
570.0 2800.0 0.557956 5.07957
572.0 2800.0 0.560007 5.08266
574.0 2800.0 0.56198 5.08593
576.0 2800.0 0.563898 5.08934
578.0 2800.0 0.565817 5.09274
580.0 2800.0 0.567736 5.09614
582.0 2800.0 0.569654 5.09954
584.0 2800.0 0.571573 5.10294
586.0 2800.0 0.573491 5.10634
588.0 2800.0 0.57541 5.10974
590.0 2800.0 0.577328 5.11314
592.0 2800.0 0.579247 5.11654
594.0 2800.0 0.581165 5.11994
596.0 2800.0 0.582973 5.12353
598.0 2800.0 0.5847 5.12725
600.0 2800.0 0.586427 5.13098
602.0 2800.0 0.588154 5.1347
604.0 2800.0 0.589881 5.13842
606.0 2800.0 0.591608 5.14215
608.0 2800.0 0.593335 5.14587
610.0 2800.0 0.595062 5.14959
612.0 2800.0 0.596789 5.15331
614.0 2800.0 0.598516 5.15704
616.0 2800.0 0.600243 5.16076
618.0 2800.0 0.601824 5.16466
620.0 2800.0 0.603291 5.1687
622.0 2800.0 0.604759 5.17273
624.0 2800.0 0.606227 5.17677
626.0 2800.0 0.607694 5.18081
628.0 2800.0 0.609162 5.18485
630.0 2800.0 0.610629 5.18888
632.0 2800.0 0.612097 5.19292
634.0 2800.0 0.613564 5.19696
636.0 2800.0 0.615032 5.20099
638.0 2800.0 0.616499 5.20503
640.0 2800.0 0.617785 5.20922
642.0 2800.0 0.618921 5.21355
644.0 2800.0 0.620057 5.21787
646.0 2800.0 0.621193 5.22219
648.0 2800.0 0.622328 5.22651
650.0 2800.0 0.623464 5.23083
652.0 2800.0 0.6246 5.23516
654.0 2800.0 0.625735 5.23948
656.0 2800.0 0.626871 5.2438
658.0 2800.0 0.628007 5.24812
660.0 2800.0 0.629143 5.25244
662.0 2800.0 0.630065 5.25689
664.0 2800.0 0.6308 5.26144
666.0 2800.0 0.631535 5.26599
668.0 2800.0 0.63227 5.27054
670.0 2800.0 0.633005 5.27509
672.0 2800.0 0.63374 5.27964
674.0 2800.0 0.634475 5.28419
676.0 2800.0 0.63521 5.28875
678.0 2800.0 0.635945 5.2933
680.0 2800.0 0.63668 5.29785
682.0 2800.0 0.637415 5.3024
684.0 2800.0 0.637915 5.278
686.0 2800.0 0.638195 5.22642
688.0 2800.0 0.638475 5.17483
690.0 2800.0 0.638754 5.12324
692.0 2800.0 0.639034 5.07166
694.0 2800.0 0.639314 5.02007
696.0 2800.0 0.639593 4.96848
698.0 2800.0 0.639873 4.9169
