# 
param maxline=128 current=1 gradient=1 normB=1 normE=1
cylinder Z0=2000 nR=350 nZ=1 dR=2 dZ=1
data
0.0 2000.0 0 5.27488
2.0 2000.0 -0.00040982 5.27491
4.0 2000.0 -0.00081964 5.27494
6.0 2000.0 -0.00122946 5.27497
8.0 2000.0 -0.00163928 5.275
10.0 2000.0 -0.0020491 5.27502
12.0 2000.0 -0.00245892 5.27505
14.0 2000.0 -0.00286874 5.27508
16.0 2000.0 -0.00327856 5.27511
18.0 2000.0 -0.00368838 5.27514
20.0 2000.0 -0.0040982 5.27517
22.0 2000.0 -0.00450802 5.27519
24.0 2000.0 -0.00491715 5.27528
26.0 2000.0 -0.00532627 5.27536
28.0 2000.0 -0.00573538 5.27545
30.0 2000.0 -0.0061445 5.27553
32.0 2000.0 -0.00655362 5.27562
34.0 2000.0 -0.00696274 5.2757
36.0 2000.0 -0.00737186 5.27579
38.0 2000.0 -0.00778097 5.27587
40.0 2000.0 -0.00819009 5.27595
42.0 2000.0 -0.00859921 5.27604
44.0 2000.0 -0.00900833 5.27612
46.0 2000.0 -0.00941609 5.27626
48.0 2000.0 -0.0098238 5.2764
50.0 2000.0 -0.0102315 5.27655
52.0 2000.0 -0.0106392 5.27669
54.0 2000.0 -0.011047 5.27683
56.0 2000.0 -0.0114547 5.27697
58.0 2000.0 -0.0118624 5.27711
60.0 2000.0 -0.0122701 5.27725
62.0 2000.0 -0.0126778 5.27739
64.0 2000.0 -0.0130855 5.27753
66.0 2000.0 -0.0134932 5.27767
68.0 2000.0 -0.013899 5.27787
70.0 2000.0 -0.0143046 5.27806
72.0 2000.0 -0.0147102 5.27826
74.0 2000.0 -0.0151158 5.27846
76.0 2000.0 -0.0155214 5.27866
78.0 2000.0 -0.015927 5.27885
80.0 2000.0 -0.0163327 5.27905
82.0 2000.0 -0.0167383 5.27925
84.0 2000.0 -0.0171439 5.27944
86.0 2000.0 -0.0175495 5.27964
88.0 2000.0 -0.0179551 5.27984
90.0 2000.0 -0.0183581 5.28009
92.0 2000.0 -0.0187609 5.28034
94.0 2000.0 -0.0191638 5.28059
96.0 2000.0 -0.0195666 5.28084
98.0 2000.0 -0.0199694 5.2811
100.0 2000.0 -0.0203722 5.28135
102.0 2000.0 -0.020775 5.2816
104.0 2000.0 -0.0211779 5.28185
106.0 2000.0 -0.0215807 5.28211
108.0 2000.0 -0.0219835 5.28236
110.0 2000.0 -0.0223863 5.28261
112.0 2000.0 -0.0227859 5.28292
114.0 2000.0 -0.0231853 5.28322
116.0 2000.0 -0.0235846 5.28353
118.0 2000.0 -0.0239839 5.28384
120.0 2000.0 -0.0243832 5.28415
122.0 2000.0 -0.0247826 5.28445
124.0 2000.0 -0.0251819 5.28476
126.0 2000.0 -0.0255812 5.28507
128.0 2000.0 -0.0259806 5.28538
130.0 2000.0 -0.0263799 5.28569
132.0 2000.0 -0.0267792 5.28599
134.0 2000.0 -0.0271748 5.28635
136.0 2000.0 -0.02757 5.28671
138.0 2000.0 -0.0279651 5.28708
140.0 2000.0 -0.0283603 5.28744
142.0 2000.0 -0.0287554 5.2878
144.0 2000.0 -0.0291506 5.28816
146.0 2000.0 -0.0295458 5.28853
148.0 2000.0 -0.0299409 5.28889
150.0 2000.0 -0.0303361 5.28925
152.0 2000.0 -0.0307313 5.28961
154.0 2000.0 -0.0311264 5.28997
156.0 2000.0 -0.0315173 5.29038
158.0 2000.0 -0.0319076 5.2908
160.0 2000.0 -0.0322979 5.29122
162.0 2000.0 -0.0326882 5.29163
164.0 2000.0 -0.0330785 5.29205
166.0 2000.0 -0.0334688 5.29247
168.0 2000.0 -0.0338591 5.29288
170.0 2000.0 -0.0342494 5.2933
172.0 2000.0 -0.0346398 5.29371
174.0 2000.0 -0.0350301 5.29413
176.0 2000.0 -0.0354204 5.29455
178.0 2000.0 -0.0358059 5.29501
180.0 2000.0 -0.0361906 5.29548
182.0 2000.0 -0.0365754 5.29595
184.0 2000.0 -0.0369602 5.29642
186.0 2000.0 -0.037345 5.29689
188.0 2000.0 -0.0377298 5.29736
190.0 2000.0 -0.0381146 5.29783
192.0 2000.0 -0.0384994 5.29829
194.0 2000.0 -0.0388842 5.29876
196.0 2000.0 -0.039269 5.29923
198.0 2000.0 -0.0396538 5.2997
200.0 2000.0 -0.0400333 5.30022
202.0 2000.0 -0.0404119 5.30074
204.0 2000.0 -0.0407905 5.30126
206.0 2000.0 -0.0411691 5.30178
208.0 2000.0 -0.0415477 5.3023
210.0 2000.0 -0.0419263 5.30282
212.0 2000.0 -0.0423049 5.30334
214.0 2000.0 -0.0426835 5.30387
216.0 2000.0 -0.0430622 5.30439
218.0 2000.0 -0.0434408 5.30491
220.0 2000.0 -0.0438194 5.30543
222.0 2000.0 -0.0441922 5.30599
224.0 2000.0 -0.044564 5.30657
226.0 2000.0 -0.0449358 5.30714
228.0 2000.0 -0.0453076 5.30771
230.0 2000.0 -0.0456794 5.30828
232.0 2000.0 -0.0460512 5.30886
234.0 2000.0 -0.0464229 5.30943
236.0 2000.0 -0.0467947 5.31
238.0 2000.0 -0.0471665 5.31058
240.0 2000.0 -0.0475383 5.31115
242.0 2000.0 -0.0479101 5.31172
244.0 2000.0 -0.0482757 5.31233
246.0 2000.0 -0.04864 5.31296
248.0 2000.0 -0.0490043 5.31358
250.0 2000.0 -0.0493687 5.3142
252.0 2000.0 -0.049733 5.31482
254.0 2000.0 -0.0500973 5.31545
256.0 2000.0 -0.0504616 5.31607
258.0 2000.0 -0.050826 5.31669
260.0 2000.0 -0.0511903 5.31731
262.0 2000.0 -0.0515546 5.31794
264.0 2000.0 -0.0519189 5.31856
266.0 2000.0 -0.0522767 5.31922
268.0 2000.0 -0.0526329 5.31989
270.0 2000.0 -0.0529892 5.32056
272.0 2000.0 -0.0533454 5.32123
274.0 2000.0 -0.0537016 5.32191
276.0 2000.0 -0.0540579 5.32258
278.0 2000.0 -0.0544141 5.32325
280.0 2000.0 -0.0547704 5.32392
282.0 2000.0 -0.0551266 5.32459
284.0 2000.0 -0.0554829 5.32526
286.0 2000.0 -0.0558391 5.32593
288.0 2000.0 -0.0561884 5.32664
290.0 2000.0 -0.056536 5.32736
292.0 2000.0 -0.0568835 5.32808
294.0 2000.0 -0.0572311 5.3288
296.0 2000.0 -0.0575787 5.32952
298.0 2000.0 -0.0579262 5.33023
300.0 2000.0 -0.0582738 5.33095
302.0 2000.0 -0.0586213 5.33167
304.0 2000.0 -0.0589689 5.33239
306.0 2000.0 -0.0593165 5.33311
308.0 2000.0 -0.059664 5.33383
310.0 2000.0 -0.0600043 5.33458
312.0 2000.0 -0.0603426 5.33535
314.0 2000.0 -0.0606809 5.33611
316.0 2000.0 -0.0610192 5.33688
318.0 2000.0 -0.0613575 5.33764
320.0 2000.0 -0.0616958 5.3384
322.0 2000.0 -0.0620341 5.33917
324.0 2000.0 -0.0623724 5.33993
326.0 2000.0 -0.0627107 5.3407
328.0 2000.0 -0.063049 5.34146
330.0 2000.0 -0.0633873 5.34223
332.0 2000.0 -0.063718 5.34302
334.0 2000.0 -0.0640465 5.34383
336.0 2000.0 -0.064375 5.34464
338.0 2000.0 -0.0647034 5.34545
340.0 2000.0 -0.0650319 5.34626
342.0 2000.0 -0.0653604 5.34707
344.0 2000.0 -0.0656889 5.34788
346.0 2000.0 -0.0660173 5.34869
348.0 2000.0 -0.0663458 5.34949
350.0 2000.0 -0.0666743 5.3503
352.0 2000.0 -0.0670027 5.35111
354.0 2000.0 -0.0673234 5.35195
356.0 2000.0 -0.0676415 5.3528
358.0 2000.0 -0.0679596 5.35366
360.0 2000.0 -0.0682778 5.35451
362.0 2000.0 -0.0685959 5.35536
364.0 2000.0 -0.068914 5.35621
366.0 2000.0 -0.0692321 5.35706
368.0 2000.0 -0.0695502 5.35791
370.0 2000.0 -0.0698683 5.35876
372.0 2000.0 -0.0701864 5.35962
374.0 2000.0 -0.0705045 5.36047
376.0 2000.0 -0.0708146 5.36135
378.0 2000.0 -0.0711219 5.36224
380.0 2000.0 -0.0714291 5.36313
382.0 2000.0 -0.0717363 5.36402
384.0 2000.0 -0.0720436 5.36492
386.0 2000.0 -0.0723508 5.36581
388.0 2000.0 -0.0726581 5.3667
390.0 2000.0 -0.0729653 5.36759
392.0 2000.0 -0.0732725 5.36849
394.0 2000.0 -0.0735798 5.36938
396.0 2000.0 -0.073887 5.37027
398.0 2000.0 -0.0741861 5.37119
400.0 2000.0 -0.074482 5.37212
402.0 2000.0 -0.0747779 5.37305
404.0 2000.0 -0.0750738 5.37398
406.0 2000.0 -0.0753697 5.37491
408.0 2000.0 -0.0756655 5.37585
410.0 2000.0 -0.0759614 5.37678
412.0 2000.0 -0.0762573 5.37771
414.0 2000.0 -0.0765532 5.37864
416.0 2000.0 -0.0768491 5.37957
418.0 2000.0 -0.077145 5.3805
420.0 2000.0 -0.0774326 5.38146
422.0 2000.0 -0.0777167 5.38243
424.0 2000.0 -0.0780008 5.3834
426.0 2000.0 -0.0782849 5.38436
428.0 2000.0 -0.0785689 5.38533
430.0 2000.0 -0.078853 5.3863
432.0 2000.0 -0.0791371 5.38727
434.0 2000.0 -0.0794212 5.38824
436.0 2000.0 -0.0797053 5.3892
438.0 2000.0 -0.0799894 5.39017
440.0 2000.0 -0.0802735 5.39114
442.0 2000.0 -0.0805492 5.39213
444.0 2000.0 -0.0808211 5.39313
446.0 2000.0 -0.081093 5.39414
448.0 2000.0 -0.0813648 5.39514
450.0 2000.0 -0.0816367 5.39614
452.0 2000.0 -0.0819086 5.39715
454.0 2000.0 -0.0821805 5.39815
456.0 2000.0 -0.0824524 5.39915
458.0 2000.0 -0.0827243 5.40016
460.0 2000.0 -0.0829961 5.40116
462.0 2000.0 -0.083268 5.40216
464.0 2000.0 -0.0835314 5.40319
466.0 2000.0 -0.0837907 5.40422
468.0 2000.0 -0.08405 5.40526
470.0 2000.0 -0.0843093 5.40629
472.0 2000.0 -0.0845686 5.40733
474.0 2000.0 -0.0848279 5.40836
476.0 2000.0 -0.0850872 5.4094
478.0 2000.0 -0.0853465 5.41044
480.0 2000.0 -0.0856058 5.41147
482.0 2000.0 -0.0858651 5.41251
484.0 2000.0 -0.0861244 5.41354
486.0 2000.0 -0.0863752 5.4146
488.0 2000.0 -0.0866216 5.41567
490.0 2000.0 -0.0868679 5.41673
492.0 2000.0 -0.0871143 5.4178
494.0 2000.0 -0.0873607 5.41886
496.0 2000.0 -0.087607 5.41993
498.0 2000.0 -0.0878534 5.421
500.0 2000.0 -0.0880998 5.42206
502.0 2000.0 -0.0883461 5.42313
504.0 2000.0 -0.0885925 5.4242
506.0 2000.0 -0.0888389 5.42526
508.0 2000.0 -0.0890768 5.42635
510.0 2000.0 -0.0893099 5.42744
512.0 2000.0 -0.0895431 5.42853
514.0 2000.0 -0.0897762 5.42963
516.0 2000.0 -0.0900094 5.43072
518.0 2000.0 -0.0902425 5.43182
520.0 2000.0 -0.0904757 5.43291
522.0 2000.0 -0.0907088 5.43401
524.0 2000.0 -0.0909419 5.4351
526.0 2000.0 -0.0911751 5.4362
528.0 2000.0 -0.0914082 5.43729
530.0 2000.0 -0.091633 5.4384
532.0 2000.0 -0.0918526 5.43952
534.0 2000.0 -0.0920723 5.44064
536.0 2000.0 -0.092292 5.44176
538.0 2000.0 -0.0925116 5.44288
540.0 2000.0 -0.0927313 5.444
542.0 2000.0 -0.092951 5.44512
544.0 2000.0 -0.0931706 5.44624
546.0 2000.0 -0.0933903 5.44736
548.0 2000.0 -0.09361 5.44848
550.0 2000.0 -0.0938297 5.4496
552.0 2000.0 -0.094041 5.45074
554.0 2000.0 -0.094247 5.45188
556.0 2000.0 -0.0944529 5.45302
558.0 2000.0 -0.0946589 5.45417
560.0 2000.0 -0.0948649 5.45531
562.0 2000.0 -0.0950709 5.45646
564.0 2000.0 -0.0952769 5.4576
566.0 2000.0 -0.0954829 5.45874
568.0 2000.0 -0.0956888 5.45989
570.0 2000.0 -0.0958948 5.46103
572.0 2000.0 -0.0961008 5.46217
574.0 2000.0 -0.0962986 5.46333
576.0 2000.0 -0.0964907 5.46449
578.0 2000.0 -0.0966829 5.46566
580.0 2000.0 -0.096875 5.46682
582.0 2000.0 -0.0970671 5.46799
584.0 2000.0 -0.0972593 5.46915
586.0 2000.0 -0.0974514 5.47032
588.0 2000.0 -0.0976435 5.47148
590.0 2000.0 -0.0978357 5.47265
592.0 2000.0 -0.0980278 5.47381
594.0 2000.0 -0.0982199 5.47498
596.0 2000.0 -0.098404 5.47615
598.0 2000.0 -0.0985822 5.47733
600.0 2000.0 -0.0987603 5.47852
602.0 2000.0 -0.0989385 5.4797
604.0 2000.0 -0.0991167 5.48088
606.0 2000.0 -0.0992948 5.48207
608.0 2000.0 -0.099473 5.48325
610.0 2000.0 -0.0996512 5.48443
612.0 2000.0 -0.0998293 5.48562
614.0 2000.0 -0.100008 5.4868
616.0 2000.0 -0.100186 5.48798
618.0 2000.0 -0.100356 5.48917
620.0 2000.0 -0.10052 5.49037
622.0 2000.0 -0.100684 5.49157
624.0 2000.0 -0.100848 5.49277
626.0 2000.0 -0.101013 5.49397
628.0 2000.0 -0.101177 5.49517
630.0 2000.0 -0.101341 5.49637
632.0 2000.0 -0.101505 5.49757
634.0 2000.0 -0.101669 5.49877
636.0 2000.0 -0.101833 5.49997
638.0 2000.0 -0.101997 5.50117
640.0 2000.0 -0.102154 5.50237
642.0 2000.0 -0.102304 5.50358
644.0 2000.0 -0.102454 5.5048
646.0 2000.0 -0.102604 5.50601
648.0 2000.0 -0.102754 5.50722
650.0 2000.0 -0.102904 5.50844
652.0 2000.0 -0.103054 5.50965
654.0 2000.0 -0.103204 5.51086
656.0 2000.0 -0.103354 5.51207
658.0 2000.0 -0.103505 5.51329
660.0 2000.0 -0.103655 5.5145
662.0 2000.0 -0.103797 5.51572
664.0 2000.0 -0.103933 5.51694
666.0 2000.0 -0.104069 5.51816
668.0 2000.0 -0.104205 5.51939
670.0 2000.0 -0.104341 5.52061
672.0 2000.0 -0.104478 5.52183
674.0 2000.0 -0.104614 5.52306
676.0 2000.0 -0.10475 5.52428
678.0 2000.0 -0.104886 5.52551
680.0 2000.0 -0.105022 5.52673
682.0 2000.0 -0.105158 5.52795
684.0 2000.0 -0.105287 5.50016
686.0 2000.0 -0.105409 5.44511
688.0 2000.0 -0.105531 5.39005
690.0 2000.0 -0.105653 5.335
692.0 2000.0 -0.105775 5.27994
694.0 2000.0 -0.105897 5.22489
696.0 2000.0 -0.106019 5.16984
698.0 2000.0 -0.106141 5.11478
